2601
4502
2185
3024
397
3939
1006
642
4956
7979
7125
2947
3056
1255
5139
3935
3727
7028
2677
26
630
4846
7437
1277
116
981
2073
7389
602
1898
3596
6981
5576
2698
1436
421
1552
1261
1536
2499
6896
6228
6911
1429
3890
34
4672
5904
679
1788
2016
236
5343
246
7261
1356
1085
3448
3834
786
5590
413
219
7025
2774
4257
1768
635
748
370
2824
587
3691
3985
2133
3035
2596
2379
4435
4857
3983
3163
2805
3662
90
3488
1966
1730
5105
4630
7028
3964
881
5317
5676
4956
573
3775
7803
6301
3228
3540
303
4918
118
636
3002
715
399
3775
3378
7711
3487
7173
1082
3683
422
1239
1582
2732
244
2221
8183
1127
2003
446
2519
6743
976
3995
434
1795
7786
4873
1313
169
5109
1054
2033
1963
402
2010
2576
1380
3987
4415
4454
112
1376
6670
2776
6538
922
3106
4066
668
1483
151
6215
3712
1568
1661
2486
1
2857
1900
4797
1621
4023
5000
2655
2287
4168
2545
1089
5528
763
1079
34
4165
797
3105
4921
8212
5038
3265
2288
160
4607
141
642
5829
128
47
262
634
4051
3123
5684
385
4338
4142
5005
972
5430
196
5769
2103
1560
6489
1782
19
3928
1715
2606
947
511
1442
4679
2008
1074
2681
203
2117
1027
1257
48
3607
4565
2272
1367
5568
1634
1727
2477
3112
1341
4514
426
6749
1662
4927
659
2424
4568
4131
6390
896
4863
4179
547
2817
4062
7117
223
2967
3969
2139
80
3710
4048
1666
1759
5394
671
4132
2618
1065
1721
3559
2654
1329
956
6240
1588
2134
6340
3572
2898
4577
5650
959
735
1365
3511
4152
1384
7652
3335
1139
4021
4616
1585
3659
939
6707
421
2168
3703
7742
2454
4496
3587
4251
4875
3190
6987
2213
1783
4264
2943
3779
2235
4088
4851
3538
222
1228
386
3430
3224
471
500
2692
545
5328
3151
5430
6225
6348
4199
181
2340
178
5016
536
3346
4619
973
3753
7325
2940
1784
1051
6647
7051
893
1202
4213
5254
4293
2641
629
2029
1252
1715
2780
8482
737
842
5019
1627
1150
5356
2097
3847
2550
3374
760
3718
614
650
2784
1332
2748
4137
2127
5008
4406
3501
1707
212
7528
6381
2874
5205
910
1496
5008
1460
4820
5960
4666
5107
7556
5939
2690
3120
6963
1292
846
2595
846
2347
1458
619
1093
1551
1294
5882
2149
1755
661
963
243
4406
4543
2674
2742
228
1258
590
3436
5560
5771
1473
2856
1131
3155
965
406
4572
844
6440
1412
4766
1138
1467
565
583
548
6178
1811
3758
3089
5546
806
3359
3082
4060
1117
1487
4945
3430
1817
2268
1108
729
779
913
1101
6295
4092
8003
4841
3729
1566
2976
1338
862
3871
6292
6511
6729
2487
715
1583
1977
4677
4118
3271
195
6102
122
2984
3305
377
2727
4025
823
2687
4518
4035
2524
1547
2671
2952
182
1477
1716
3363
3767
1888
2512
341
4489
3322
4680
1068
1903
451
552
1728
4203
852
488
743
235
1979
341
2396
1659
3556
6216
4855
1138
862
6179
5928
1659
509
1793
3938
3108
2791
331
3587
535
614
1610
3014
108
478
930
5589
3369
1296
4065
1376
1740
2016
1554
2183
534
3768
2365
1760
4747
240
2258
5510
4427
939
2221
4421
2090
411
138
689
1672
5468
3853
6113
139
646
684
3365
206
5267
2818
1767
180
1112
1503
4540
405
1211
3148
968
5975
806
4370
1139
3575
329
3475
3032
5365
2547
970
1990
3091
416
3134
3453
2445
899
3701
1339
5681
4499
4963
3140
1267
2141
584
3055
1374
111
539
1768
817
2961
7012
6530
536
2163
5149
865
1339
1100
2203
1044
979
334
2166
5726
1877
205
4019
1035
2008
1738
5113
1273
2973
4507
4957
2014
2924
4438
2173
954
764
106
2879
2232
316
2419
1611
2252
2673
1427
5886
4923
1621
313
1722
292
3085
5418
2626
6171
2541
132
46
4344
715
5247
3982
2314
3068
4400
2910
626
644
6139
201
1549
3276
413
1120
812
5820
3881
4845
3146
76
800
5589
2392
1155
4198
2216
2035
398
4105
1255
2924
1967
3678
3796
2385
1582
2880
493
5063
6546
2472
2062
412
156
857
3802
2611
5040
7108
78
4431
294
203
1726
1264
5661
330
5316
1894
2120
3159
460
4854
3120
2847
445
4305
1211
664
2087
4525
3651
1355
2446
4002
1069
254
2248
1153
2646
4097
4715
1918
2103
3718
550
1986
2791
1169
2877
1118
3692
4870
3948
547
400
203
395
6394
2035
1913
652
5404
4290
5254
5463
2210
4527
6505
1597
4326
5536
3870
3674
362
1580
5042
6943
1508
5923
3941
1953
1595
1354
25
4423
407
3332
4238
2752
779
4019
4644
4982
6446
6747
2032
7692
768
1250
989
2789
4172
2013
1640
6200
2481
5597
2896
4977
2958
4736
607
150
3884
4488
448
531
4599
4651
654
1679
1141
3418
2635
7167
887
4103
6989
2754
744
1885
3311
1848
936
1405
717
3030
5484
2124
5677
6595
1989
1624
1306
2485
59
3055
2024
5293
3789
4006
2469
256
580
2304
2122
4140
5851
5156
497
1327
2068
3900
967
1191
2793
2868
3561
3683
6679
3758
3580
2357
59
486
719
672
971
664
6099
1285
1610
169
28
7580
3221
4731
5913
4043
169
1373
1446
1731
1757
334
7674
2333
191
4000
6087
2742
4604
3770
1837
5038
1719
2332
4631
1331
1632
1807
5502
1707
2836
1048
7443
1037
5433
1404
4466
1272
5256
1495
1774
4425
5664
432
1001
2439
3391
2005
1248
1688
4606
8239
914
1778
2194
4144
3229
603
3927
682
3511
2342
3044
706
1358
826
4801
298
3891
4895
1795
2264
1808
1912
105
5231
401
6704
2171
3410
2571
4365
4464
1160
3723
568
999
1415
1398
1421
5281
1079
7129
2767
717
1584
351
2369
733
6654
2045
2554
4481
437
1269
2732
3246
1798
5998
2606
7760
1349
893
4097
542
8294
2723
3280
4917
1457
6475
2413
4563
2777
125
2342
5522
3249
804
2844
4613
5431
1335
1966
4041
3769
1115
2674
7
2119
4096
3874
5674
1622
3186
2406
331
831
1510
3767
4098
1372
7723
2563
524
742
4956
2396
3647
5218
6601
3004
34
5346
1985
2762
35
309
2636
1850
4697
3107
4759
6466
4122
2798
4365
2486
1458
3511
3275
3389
547
6313
3526
2760
1243
198
1949
4566
312
2522
1912
3533
3373
1825
2625
4765
624
2283
2705
5149
23
643
3519
890
112
2138
7683
283
5208
5614
4949
2995
947
837
798
1192
778
6008
3257
3543
728
2394
4854
2921
6216
1436
7038
7413
5233
3645
1069
3663
113
7920
1987
2903
4338
3610
475
2499
3860
149
2773
493
2907
2449
7016
5916
4747
1184
4934
1564
74
2521
765
5576
287
3683
4662
5054
5766
281
1919
4566
6161
3364
2610
1517
765
5166
207
417
1585
5701
4796
2734
2523
1803
82
4577
2433
1677
1649
3182
259
71
3576
2042
5131
6218
6927
5143
1471
6604
3009
3127
4
4567
8566
2531
3738
1929
3659
1208
52
4694
5704
788
1584
5026
6669
1560
3256
1594
326
1127
5184
2266
4517
1272
1169
818
7691
442
1647
822
8185
3310
6217
1217
2700
1508
793
2156
3836
1828
2681
5347
3653
1826
4325
480
2569
4549
3315
143
447
1393
505
3950
1223
66
1849
2317
2299
125
1607
2237
2896
4427
5040
6692
6385
1056
5986
6333
947
4230
3965
1119
1656
3776
479
833
1651
7097
1889
2343
5465
5404
1979
3130
1190
3468
3142
2327
1483
2198
6422
1879
3232
5861
4525
2363
219
5011
1627
3099
2273
6126
6446
1804
2646
6135
63
2538
7587
4228
1556
577
1105
1903
3065
250
2436
1558
7040
1981
3260
5195
2154
4861
5957
521
6097
4009
5059
4810
5080
3919
5113
2957
2728
2537
2752
2431
3860
2598
634
3210
833
1540
2727
683
3673
1358
1111
5798
6399
5134
2533
6153
1617
3264
493
1742
1201
5137
3252
1635
3143
3764
220
671
3424
5072
5662
4049
3022
4328
1709
1558
215
7679
4003
316
3356
425
3547
6997
2983
1922
4758
1453
341
638
1034
3198
4078
109
998
3363
2846
5578
3468
930
2124
1256
1183
2047
5015
5956
941
3146
3328
4498
2286
6833
625
2821
1478
2260
1868
1451
4858
1923
3514
2146
6880
7564
3216
5234
5429
1364
2430
3757
1127
429
1215
2035
6195
3043
6833
4418
1343
2145
1885
2041
6382
1393
2939
571
1868
1395
5525
3405
1696
3770
6258
4470
2951
1371
2700
3621
6806
3225
2423
4905
6257
6256
546
1828
53
436
8292
5214
1938
1215
6225
4205
4102
3065
6474
6381
1066
1611
5003
226
3524
2505
1961
3021
3939
725
973
3437
1481
6193
940
5332
3631
471
2340
131
5161
3739
353
1348
686
4777
2909
4754
4910
422
1923
2425
3692
2587
2523
442
2269
3651
366
4610
160
1904
1903
1752
2741
4852
1524
2025
7821
1592
1956
4175
2499
2942
3641
5484
4266
5540
2122
498
1716
3208
3478
2350
3565
387
2056
801
1739
817
4024
283
5357
8016
2269
4113
2574
4536
5756
6981
2758
8176
1382
5125
1990
138
823
3342
1786
1882
7419
5456
4511
265
3815
4859
743
1604
8022
7228
4982
7455
2432
139
1457
695
2153
2700
3337
1561
6490
4847
80
816
2567
2076
3493
7668
3280
6373
4121
7258
2239
3292
8068
2573
137
2470
1961
2080
4615
353
2855
5858
3947
1826
752
6884
2683
2329
997
5285
5278
796
1860
2682
1993
1915
4986
4674
3051
3896
6669
3958
4194
3174
5325
18
5082
5655
378
1137
753
5862
932
4267
4033
130
713
2285
1640
5396
2406
1068
1113
3561
4512
714
5655
1525
1024
831
134
2462
1279
3743
3798
2617
4662
691
1848
6675
7951
3103
7905
4640
2849
3215
41
424
1711
6441
3059
749
2327
2957
1704
5566
3227
2164
3200
2614
432
7045
1261
2161
6999
2441
3343
1043
6668
4262
2463
552
2766
2130
3087
3616
313
119
519
1427
5903
3176
6304
516
6655
5097
3691
593
2617
4251
236
1808
1074
5714
2901
2132
4962
3336
343
5605
3015
3183
4025
4577
1416
138
2737
2049
1453
926
2250
2761
2412
3458
4480
470
3223
5523
6172
1956
63
4150
5119
3267
4617
3652
3706
1670
4277
362
3167
2619
5533
284
353
8147
6195
5510
2066
2718
1960
3625
1342
6324
2454
112
2441
1862
348
2695
431
2146
1368
5171
739
3935
7830
735
1831
4392
4080
32
5818
3822
407
3970
4018
4549
3144
2420
2464
5450
6853
2033
220
1366
2225
3775
4657
1157
2060
1861
498
1490
456
1030
1706
8342
2735
4920
1236
4480
1550
5114
2398
2625
4859
1577
1235
2430
2102
1734
3115
801
1545
6235
6056
4469
1831
1128
2383
2438
7594
1614
342
1072
561
888
1651
2128
1767
1933
1617
691
2438
2905
1161
6965
764
1185
2935
1438
359
4250
1853
2539
1287
1822
1704
1309
48
4217
5361
676
4782
5694
172
664
1857
4589
1320
1137
4144
158
5315
2833
531
153
1592
1837
1881
5012
6744
770
6424
1262
1313
7352
3757
4416
4018
1273
6927
42
3404
5400
433
2551
3615
3005
580
7075
1997
3356
1385
3011
1233
283
5087
1147
516
1460
688
3746
3532
2996
5391
2084
4770
2349
1034
5167
928
3621
1264
6753
2668
3261
185
2534
4877
7126
23
6005
2010
392
3005
82
39
1309
1911
5999
3581
89
2662
6615
3696
3232
4783
1629
5548
806
868
979
5484
4811
3701
129
4480
1588
4007
1347
4920
3237
3434
2605
4733
391
1031
2440
1015
357
2802
3303
3028
2741
5418
4367
835
7560
1703
5506
2367
1182
3321
2195
5175
2472
350
5854
1158
167
1713
1439
2901
229
292
3358
813
322
194
2964
877
853
4494
2555
153
1070
5807
5797
4265
1215
7068
1017
7900
1280
0
795
3982
2313
596
2428
2878
3273
3247
559
92
2336
2895
193
2187
3838
1216
5416
833
7038
3166
7851
6298
4327
3650
982
2674
3124
6011
3825
5473
3091
6186
3548
921
128
1043
509
5792
5677
1184
269
1305
946
723
6159
7304
3262
17
6141
3214
3712
4883
820
7636
1827
2910
2939
978
2929
1580
4367
2551
42
584
2165
706
3117
447
137
931
1782
1101
3984
2910
3770
5892
869
3918
5389
2861
2592
882
0
1669
4595
1717
2814
6140
5210
1612
1435
3279
121
1087
2304
484
3717
82
2929
210
2094
4181
4905
25
781
1500
4183
1314
845
4625
4850
3252
4109
463
228
2709
3385
4357
5904
1114
27
411
3938
222
1932
432
1977
2340
1947
7098
489
2258
3265
2792
788
417
666
3012
5210
994
1121
247
2687
2366
7399
1877
4104
6140
1142
3928
1052
552
4727
2784
196
148
2474
90
4047
1946
920
1937
7495
873
4622
4684
6713
1612
1423
3534
7539
2452
2035
2546
374
2235
5538
1371
1244
1215
4208
5835
298
6350
3622
8181
795
1049
987
1895
3462
1802
1424
5546
2396
551
900
5729
777
2678
3961
608
3378
2829
6223
5890
3942
3431
2600
2305
130
1386
2712
7375
2268
2936
515
2267
2197
1264
4517
4916
922
426
640
45
3815
4192
5714
1371
172
4499
4224
1143
4211
5597
3385
1075
6528
681
3447
836
6028
4111
2561
1681
5064
1331
3161
6374
6734
2759
3059
5911
2316
1475
7161
3332
4187
6643
2422
29
3960
508
927
5748
1552
3876
1226
1557
7922
1131
1808
593
156
235
369
5219
2984
5610
4499
178
1800
2565
4072
2140
1325
2628
1062
7771
4217
3168
268
5074
3088
3436
2873
3554
1036
1118
4857
536
577
3768
2492
3967
2242
2596
4736
6614
858
2498
1652
3875
7585
2267
4469
1108
439
163
3059
5607
3969
3068
2334
1341
457
5010
5151
87
40
2130
930
5280
1869
1023
618
655
5301
1148
3826
3489
1730
1404
5901
5133
2544
577
3212
1412
2077
2141
2685
1800
514
2577
1413
5179
1823
444
4437
2873
1320
2844
2882
3430
264
3109
1826
3469
631
1912
149
1764
659
104
5317
6499
2704
1058
2330
3960
3820
2748
1912
1673
6159
6655
6302
1376
4772
911
2699
6092
6237
1177
4210
2368
266
4639
7225
1474
737
2973
4818
3311
5247
3955
2456
5492
1814
6157
3181
3135
5859
2091
5320
2597
584
3876
5432
1481
1061
1597
1672
3399
2881
1229
960
3547
4993
6617
6528
4926
2825
4821
2642
738
4079
1569
1102
4856
152
5054
6269
4584
160
2398
2830
55
21
7465
3600
1939
3188
3546
214
1641
690
1491
5364
4137
6126
976
3135
3655
6302
190
7823
4169
3726
1071
1524
2518
6158
3979
1272
6411
492
3265
1061
5520
3556
2322
6625
4127
4541
4444
4619
4676
2694
2790
5176
3784
4294
3417
2453
126
396
575
5751
4150
3255
2000
1470
1854
2120
6076
4532
638
4064
6835
1780
604
1615
3442
6599
3078
5946
1575
1110
5919
2790
4073
5134
4231
3536
2993
1346
2108
2075
2329
4187
767
1538
355
5559
7868
752
551
4741
821
4107
2676
1797
3770
6977
835
3386
2540
1383
1969
1245
4934
4265
3090
2217
6387
814
2327
1770
2036
2270
2866
5969
5987
3142
1543
1755
4129
2736
5997
575
3123
4202
3474
321
5149
1452
499
2173
2030
448
1988
6134
2716
2087
3538
458
2798
1170
4627
3264
3197
2350
245
2459
3807
4989
1803
2363
7847
5604
1685
169
724
1054
3327
462
6695
1458
2524
2466
1079
854
1496
4561
168
8184
7275
4449
3028
2324
6864
2219
4839
2508
1405
6144
1520
5158
3407
2881
6755
4104
1041
4616
775
1744
1533
396
2493
278
1537
7199
1449
2055
2942
6188
2772
6410
4245
2253
1229
1000
4461
2572
1142
405
3636
4783
4452
1539
354
4792
2682
1689
1151
2960
3732
2131
1289
2008
1493
2814
4232
753
2574
2424
2547
770
1945
1240
5595
5252
2896
3740
1754
2533
1983
6143
126
2861
5588
4575
3161
7619
4170
57
2893
554
3744
6505
2254
3163
3303
317
1365
2105
3962
429
545
3214
1858
4899
2426
2598
1204
2373
2256
2905
495
7
2925
6048
3004
7759
1865
1224
1632
2278
1467
2268
3525
6237
1680
916
5000
455
1541
5696
980
6928
1720
3461
1930
1793
3635
8151
803
6858
1554
1691
803
3626
614
1354
2930
863
7355
69
2871
427
2661
1863
5213
5419
3305
465
301
5951
1107
2300
5634
5428
1874
1543
5915
4790
209
408
3750
829
7440
3620
3015
6084
5130
5824
305
5793
1153
1324
2066
3518
3124
2081
3660
5099
1401
3392
3733
2223
1808
3285
3889
509
6832
2323
2221
5133
879
1075
2963
139
686
618
1851
2356
5150
1682
4256
1564
1602
4289
42
3544
1133
3918
4708
4741
1276
447
1375
60
1404
6365
3167
669
1078
2473
4868
2344
3235
5113
1336
423
7773
4178
6066
3555
6271
903
5515
321
1940
668
298
240
3248
2505
3757
6576
572
17
1337
534
360
4608
2142
1063
1782
1509
2315
3585
626
7144
7241
3616
7833
4681
2499
3990
2011
153
4429
3638
1905
1251
1473
2011
830
3166
4508
1814
4334
1663
4708
2459
6242
81
2060
2357
1280
1896
1971
4761
351
2030
1632
298
984
2510
237
691
2310
2857
1046
5757
5303
3922
1659
1452
1532
2532
269
3227
3433
1226
1752
1258
3984
2484
1939
2017
1662
4191
4009
3662
1730
7894
4217
7264
94
2981
1628
3348
5616
3458
245
1159
1934
2030
3406
3542
2875
2603
2045
4602
1556
6696
3892
1091
2383
413
895
658
4259
4031
2027
1963
2758
4552
174
1807
1081
2489
1738
857
4717
3248
2306
663
1740
4011
1223
831
2077
826
7160
2694
3078
515
2358
1838
1360
3748
2454
892
1279
593
1843
985
3409
2152
3277
4973
700
3989
2602
2422
3599
1857
5037
72
1397
4837
886
7519
2927
4255
940
2165
417
4937
1059
5971
1966
4161
1359
732
5802
5930
6730
2837
3802
3047
4658
3139
583
4206
2255
3057
1210
1177
3180
133
347
6100
298
2454
2106
1154
4775
7901
4328
5554
3427
1573
841
77
1355
635
1931
1625
7615
93
1774
3404
3254
1718
8026
1760
2638
2806
3816
5661
7773
1175
2167
1997
77
832
462
322
4444
782
3564
2534
2332
6958
1811
6669
2573
2385
809
2985
4287
2680
1782
526
6146
2536
677
5422
657
5168
625
7310
5381
935
865
2443
3628
5060
6861
4232
5035
1374
3915
473
5044
1355
768
1519
141
724
4378
5944
223
1116
3052
688
7451
5943
149
74
7740
1889
281
307
3233
3603
6925
7239
3285
1516
6845
1739
2708
2998
537
2792
5639
901
2295
4969
3810
996
1537
1930
6832
710
437
5998
4350
923
1534
65
5943
253
2911
4661
2939
4457
3546
157
5820
2403
3369
2185
4160
1667
1384
4338
5618
3259
59
3163
5334
182
1250
3536
6131
4760
4345
3251
345
5312
4562
4687
5518
3132
3770
768
3446
63
1040
4409
3968
4089
3396
4953
1570
2406
5101
767
2578
4120
3490
5147
517
3951
252
3756
5602
1197
2921
169
7114
192
4279
2131
1017
2391
6239
4413
2702
1929
3891
1285
1012
4142
651
1208
2926
5370
2054
5491
2633
5693
2730
740
171
1241
406
116
5845
4932
3628
3186
856
408
4779
3977
99
111
2400
6512
957
3875
2190
3126
509
4492
3484
4295
58
4234
2251
998
2652
501
9
3776
3258
5445
3435
833
732
6
5382
3657
3700
2079
6461
3629
4405
1817
5205
3912
996
3797
3361
161
1876
452
629
233
5544
958
1133
803
6504
2751
1579
4251
3846
4636
5026
917
2113
3979
1066
2678
2049
5247
1359
3544
2095
3622
81
2533
1966
6031
1033
6390
4287
476
1850
5029
42
4258
491
2394
3843
5699
796
724
1142
1086
1376
2982
2138
2764
2885
1383
2109
2208
1570
4120
1733
4037
2620
2366
648
4847
1916
2006
5065
4731
7144
4630
552
2859
503
576
7804
5666
1145
1696
1756
5534
3005
1968
2026
2160
2080
3279
4
330
2135
2150
5639
913
4291
2062
2239
342
3634
2965
3649
4318
6460
4621
1553
5672
4945
2486
4588
1559
4881
2667
5685
5564
5685
6879
6434
6113
1754
3200
2122
4622
3108
1687
2675
917
434
6839
4621
1939
2885
3741
788
5571
4439
1644
2681
2753
4138
631
4612
2821
2269
956
632
4984
3402
4072
2811
563
1065
994
2839
875
3602
1134
8270
3826
480
155
1582
727
719
565
1534
3856
6168
2364
4075
2058
6296
793
3370
3016
336
4642
5042
252
8110
426
6541
2484
2554
3231
2317
6338
1873
7744
3521
32
835
2588
2981
2238
1061
4229
4667
3906
3296
205
844
422
97
4611
3531
3154
5553
1206
3322
5154
4280
3512
5219
1474
2269
349
3170
5205
2418
2274
1752
1382
5899
6007
2868
608
3701
1242
769
5446
6612
2221
2029
2765
539
1609
3766
2727
983
1056
31
2618
1166
4083
535
526
2897
5217
3924
981
909
6804
894
2289
2301
831
56
2105
497
662
5925
1555
1732
4380
5490
841
7
2277
732
322
7781
2878
295
2275
3816
2225
5241
1937
451
4189
2226
1428
509
4190
2670
6545
201
499
6460
2876
993
5554
679
1386
3168
395
2069
3638
4638
3812
1785
3325
4144
2511
4396
3194
4450
752
110
292
1176
4928
3372
2075
3039
1911
251
3827
2436
2113
3224
5529
3513
6094
3577
7251
161
1174
468
5174
323
3184
1830
1429
425
595
2510
8075
1038
4201
875
6768
5275
5354
3704
4967
1987
3241
1928
4601
6034
1436
1014
606
2070
2394
2270
7
1029
4356
5998
1009
5293
570
4974
1981
2675
4962
487
133
5355
126
9
5219
301
3547
2364
6569
3288
3245
3992
1659
1293
2969
4616
1493
459
1766
282
6419
713
762
3318
1121
3579
3299
65
1139
3071
5820
1179
5932
4609
580
1799
7605
224
5272
1159
2282
502
6319
701
2854
3401
6560
1932
3393
3130
3177
719
6302
853
2692
4880
3883
3316
1105
3346
5533
7311
236
3314
1868
1678
2997
2632
2032
1988
3007
399
462
134
501
573
4608
2332
4268
1353
108
2482
1680
233
4563
6917
1217
511
7581
3274
4534
908
4504
679
2301
4503
66
3104
1362
258
5111
4797
7114
296
6448
1117
963
1186
2411
863
704
7486
7830
6147
279
1366
2238
5918
1388
7091
1354
114
2612
1996
2676
367
3502
3056
4272
3946
1140
4404
491
4435
3443
3752
2503
1233
5034
1036
826
5801
434
137
5504
7442
2063
3614
5890
4268
778
3678
349
565
2493
4426
6904
3808
8172
5519
323
1013
2664
3963
2756
3295
5803
61
3305
2030
4389
4656
5388
5166
2270
1382
6674
1577
1085
1548
4516
6159
6286
97
2149
5590
7137
5079
544
3875
1998
62
4726
2236
50
3759
5444
3415
1348
827
6508
2410
1518
1530
4693
7652
3501
4157
6832
1868
4621
1549
32
1872
3253
5688
4593
1509
3021
1309
269
662
2117
753
3273
690
3101
3955
4093
803
5263
5368
2837
2365
1639
465
4898
5371
7451
3066
1641
1674
928
3582
5709
673
2227
316
5016
5340
483
7381
2735
1587
5633
2887
5521
5995
1961
742
5605
5808
359
6744
4555
833
1622
6078
1354
4164
4851
936
3236
3893
30
1517
3145
4558
268
5652
2908
4525
1810
2818
437
2406
1397
3701
4914
1284
6222
3893
3688
2855
1153
2986
2931
464
1410
2117
1307
1572
4518
6110
3709
5179
7441
6109
208
2452
2783
2753
6907
3209
4906
178
3315
3175
5276
375
3466
4007
4416
2372
3712
2987
148
805
6947
660
2219
4874
7063
4358
400
2087
4841
2604
2471
3117
1374
3225
4357
2132
2556
131
1268
3697
400
1169
2018
651
2846
369
524
4746
2886
3791
5436
1977
6856
895
2348
6517
249
135
3496
6604
4470
7449
3042
3880
545
3141
411
165
566
1375
1082
2228
2661
5433
7254
2956
414
7040
2828
3372
5112
2201
5653
656
4824
3261
945
2337
283
429
1223
4931
3076
839
2062
612
1056
227
6330
1581
6623
21
3877
5954
4647
7764
252
410
4243
1512
7889
278
2271
3284
3064
686
4841
1821
473
5992
1473
1040
431
1250
740
5500
158
2702
241
206
322
3483
3045
5227
752
1924
2244
233
3416
3848
1924
5057
348
4245
728
3604
4222
646
5168
1268
1393
4556
5754
4928
2653
2463
90
566
5568
1470
1048
516
3615
4777
849
1133
91
217
5286
2524
1499
3631
7017
4162
1959
4855
5314
7749
2574
1359
1014
1681
4070
192
81
1146
2817
2187
113
5063
129
2300
5157
4040
2164
1645
5894
4976
2279
239
3815
7944
3536
2042
3184
2048
2770
2761
4750
480
1291
2842
6220
1912
544
3048
588
2210
5295
4637
4648
4568
1003
7367
4440
1902
1319
2355
1204
607
3359
76
1860
3684
1484
4504
15
4271
5844
7469
3904
5359
5870
2845
5243
6653
5128
4295
798
2444
3121
2426
5064
6013
5111
4647
630
578
398
3400
115
7944
1479
6994
87
395
2451
832
395
3564
4466
6344
3739
496
5799
5110
1357
3976
2564
6242
1630
4070
8141
4122
941
1181
1375
6606
5180
734
3300
5844
4850
1695
2226
3500
1108
749
2225
606
2174
6312
2058
3373
465
278
4943
5875
964
767
3767
821
2065
1415
2935
3913
5147
66
5454
409
2301
6656
459
472
8403
2450
4755
3469
5239
1072
2738
1673
4627
31
5429
2094
6761
1052
796
32
3679
487
5239
2312
2943
3767
1754
120
1775
68
3744
3304
2166
1435
2925
6093
1122
686
2884
1851
1510
1174
3924
1847
1017
2212
2346
6838
5911
2531
3376
2184
4920
2842
7373
2619
5721
3244
2298
973
4121
6602
97
271
1515
1290
116
1744
6480
4201
655
3681
5813
1196
6622
2454
4158
6333
3233
3705
1272
840
3436
4435
114
511
1810
357
1857
6651
597
838
992
3215
5555
1834
2815
1324
4236
3687
2953
2038
4687
3713
3967
4200
1351
1276
6393
4573
35
4804
3892
6856
630
2506
4636
1841
1954
479
4764
5
1897
513
1816
2158
1468
3651
1520
1508
4673
1012
3499
1657
6635
1328
2273
1348
5112
813
2427
2713
5598
1168
1347
607
3543
945
5066
2027
2022
8046
734
529
2146
1977
5870
1069
2073
1420
5835
2441
2953
6687
5513
7766
5107
6391
1229
1626
1207
347
5046
1015
6333
3119
879
3093
4245
400
4086
2414
1865
3317
3692
1533
4049
2686
2709
4397
7562
4308
1236
3683
6134
1558
208
1849
3418
1548
89
127
3263
5860
5989
3376
1600
564
3199
1142
8420
1580
2789
2374
5339
279
1954
2028
1985
3673
324
3108
1832
993
6947
7922
4806
7329
1641
7389
2932
2400
2924
6261
5016
20
3103
5808
8000
1819
3084
1277
2978
5093
2890
1880
3494
2362
5092
956
5085
3334
5310
3899
961
1236
4154
1547
1554
453
6314
169
1307
3004
3458
1526
3474
4352
5466
1468
4504
3374
1734
4199
1939
5133
1645
2794
3042
2279
4021
4730
4444
3062
1440
4788
2723
5440
736
1363
2809
287
1583
6894
3678
6476
2651
2116
4868
434
1506
2785
793
821
5403
2717
3922
7798
399
1591
5013
1350
604
2951
16
6320
401
4089
2329
39
2651
2033
7200
2006
447
2379
6988
7411
3749
2862
2045
460
381
5861
2797
2357
4672
437
2173
4317
2550
103
928
3714
19
707
2662
2575
3801
779
3832
1436
258
1025
4005
1044
618
2689
3190
1454
1443
643
1950
837
4191
376
1056
470
7656
7431
1053
4950
1889
4638
5488
2504
2027
2127
2257
933
5187
2134
3921
1502
4558
1141
3831
4944
2105
7530
471
4022
4784
6269
585
7906
348
2834
2470
3754
2650
1782
6345
1087
2076
600
3617
3906
2762
3082
4351
1448
4522
4224
1719
3894
1867
1927
3164
3765
858
3902
1961
1967
1169
2618
1504
7308
573
1456
958
2009
3378
3483
976
3016
3029
714
7500
467
2518
540
322
2024
7074
1659
741
3867
4123
379
3154
6622
1187
1733
6317
1773
1748
3559
6870
7246
2271
1762
1309
17
103
3574
2787
1799
7963
899
1612
1635
3571
3186
152
1731
5714
798
4327
5816
79
892
3863
7229
765
5133
1443
22
2299
2258
7690
1194
345
79
1788
243
4678
3176
81
1973
300
382
3867
2119
5228
1420
3693
5138
1872
265
381
994
6188
5384
2623
3837
2646
842
4792
6564
602
370
5544
2643
3147
4212
3472
1368
321
5278
5020
2056
2701
3905
4691
1871
5172
1913
1998
5136
751
6428
4746
4301
4202
1676
478
4886
3331
257
4350
3288
334
1657
3077
1183
239
2161
2626
1452
1107
4300
3374
373
5235
2904
8395
2571
923
8001
3140
3250
6811
1971
3535
2845
1128
2150
3062
3060
2391
4462
2510
1451
788
4986
4436
5487
5371
2228
2127
198
1555
624
2263
5525
773
3376
4609
913
3347
1594
911
3647
1013
5409
5615
3042
4062
2565
2603
4995
2916
2239
251
2168
3174
3536
4813
1692
3134
127
1619
3916
380
1006
3493
586
3250
77
2759
5524
4732
6113
3394
1689
4900
3522
788
1286
2827
1850
3882
3544
5592
1672
1732
6161
2893
738
1521
1913
6840
1811
2616
2195
3161
1484
1293
4945
965
2860
2561
1412
3373
4086
5996
1854
3053
4649
286
466
6112
1069
927
2440
485
731
5107
3796
1561
2286
1371
5495
3276
1962
379
969
842
4723
660
2125
3218
87
8141
7766
3205
2373
1682
1124
3469
2877
1194
7191
416
8610
8052
2208
4155
1776
4697
892
7227
741
4388
2620
4903
4280
2596
757
6453
4670
1850
1655
7834
5041
1254
5272
4319
3717
1053
146
2536
271
472
4227
374
1801
2543
302
6415
4261
1294
642
1422
3611
6075
4745
6916
1579
413
1074
1791
1659
61
3865
4066
3776
4670
2713
922
3615
4123
1097
626
1415
6324
233
763
781
6049
2853
295
1923
5326
4750
1582
6198
456
2537
2369
478
1541
949
2356
1633
215
5236
6168
3683
619
1257
23
6058
3131
1105
1239
3320
4355
3881
3358
927
3728
839
2487
3520
4999
2757
2879
823
5197
795
3319
2692
1084
2698
2886
2684
4856
4910
5566
3619
198
1765
4600
748
4552
2042
410
2434
2425
3347
3961
1136
1100
6472
3515
3945
580
6386
3200
725
285
1308
176
7633
2758
6179
4663
3621
5756
2008
1152
2006
5184
5439
3094
1435
484
398
4953
6903
5487
36
1482
338
3578
493
3942
6007
2686
2326
3495
367
1183
232
5085
3222
3395
4677
3416
4521
491
214
333
4184
1791
3892
6397
3963
3972
1346
3165
7962
4585
5133
678
2131
3241
4024
5838
6537
544
4442
4347
6054
2305
3907
1155
1118
7268
3795
1405
3155
6512
1129
1065
2849
1191
1559
174
4769
7358
2028
3188
62
1014
2356
939
1732
2481
5604
1510
1031
959
1838
90
2323
285
3896
5580
3395
5310
1515
48
2793
3746
344
2540
4009
1976
4945
3781
6133
6626
4483
1917
5853
5059
1407
883
969
1251
1217
2846
3581
7408
2742
1221
2771
716
73
2409
4915
1257
2910
1481
7604
1098
1328
1100
310
2715
6384
489
3439
3356
1305
2868
934
3547
4728
345
4824
1901
2638
2198
1783
1628
1554
4002
1557
365
2613
4039
2467
3785
537
3340
5849
421
1351
7364
290
354
521
5489
5700
1996
49
5617
3963
3844
6948
2185
4540
883
2714
3277
5886
343
1146
1404
1676
817
1957
422
1783
4624
862
6046
676
5088
3415
1877
893
1273
3769
2865
6664
147
4353
54
3728
7639
3922
2853
3751
5211
3348
4379
2465
7020
4848
3857
2633
1103
2927
6838
868
1255
125
978
3928
2564
7554
1244
3540
1943
6846
3699
2401
1618
508
1513
1418
239
3275
1947
3025
1016
47
970
4195
4171
3436
5567
4465
4455
147
5791
1198
2905
8146
269
894
3441
6887
151
227
3380
103
2385
3680
4372
1064
3159
623
158
592
1259
2516
3388
3154
1730
3285
5470
5326
3604
1948
1310
1634
3723
7166
1685
564
992
1302
293
1939
4598
2029
2549
4985
4481
5388
2282
4781
3391
3125
2902
443
4467
2588
2508
4024
2860
2478
3538
5017
225
2895
1820
1272
163
6626
319
4897
233
1445
5654
5971
6739
1292
3030
3149
3349
3891
4391
3113
1600
1668
2850
2150
7040
409
3313
5749
2755
6243
1926
65
743
1111
6
3642
4259
30
1544
508
5312
3778
2790
4474
1210
97
977
4424
119
4819
1093
1502
3808
5140
5600
2752
4719
843
657
754
5251
4315
5428
6571
2751
485
6038
5818
379
2231
1583
2675
1276
2734
6492
3018
5751
2585
2601
4716
4179
1771
4614
3239
1278
4078
3575
1544
7764
3790
1408
973
1116
6994
3975
4071
493
4276
3201
5479
2550
436
3712
4499
7725
739
6615
4102
731
5109
1135
4190
2327
1305
431
4253
6403
2363
1895
5797
1444
3470
4170
2471
2800
1419
1550
460
1100
818
2033
709
4582
468
2999
989
3867
2646
2069
5633
2311
7266
1252
6021
2603
500
2886
129
5099
5793
859
3972
3162
550
504
1751
3161
102
5362
484
1001
500
5056
1097
2653
186
1483
4256
6906
3785
8099
1673
824
4907
3064
2444
6678
2316
4284
3633
2889
2417
4541
6151
7965
1760
3911
3985
5545
234
7083
6024
6476
6496
1960
409
5035
4517
2196
57
3052
996
3931
2875
2156
6426
101
1943
352
6771
3367
1219
6721
2325
2052
364
3542
1535
1250
436
5824
5510
4466
6302
4517
3801
2820
4827
3531
4122
1523
2578
3091
394
903
2033
789
4708
5806
1639
5241
6304
3403
234
351
4497
764
4104
975
7196
927
5102
4180
745
4584
2049
3367
2181
238
3559
5452
1576
39
1626
2113
396
752
2339
1464
4311
1916
2419
3566
2211
153
1112
5014
1335
1892
1494
195
4759
4231
701
614
2897
3374
249
5915
4601
334
3633
1411
1286
1056
2870
4071
4688
713
2248
2020
5081
491
4959
181
4962
8134
227
1691
755
5920
3158
4855
3365
142
3443
1383
2763
3313
6033
2343
3396
591
174
1073
4693
3026
308
563
613
2714
1404
6367
193
6240
5860
5436
1131
4180
3267
5067
1035
1858
158
347
2478
6144
1887
7638
6813
992
2757
4137
609
2599
3488
7153
5013
815
4660
5317
519
155
3864
1745
707
7762
2952
1591
390
3991
1179
3716
2200
2912
4647
3674
4379
2158
5664
148
4235
332
4205
2837
222
6267
3890
4848
3357
5774
3316
318
8271
3148
263
1861
5400
2155
342
743
6794
1514
4969
5770
2717
398
2135
8076
1826
4017
244
2266
1606
4310
6872
2421
2909
40
2368
965
801
3455
3993
2712
766
7300
1323
205
6835
4352
3334
130
4532
1494
911
131
2249
5334
1114
201
6095
3062
7995
2386
3251
2106
2645
5604
3080
1654
3871
5491
7074
1063
199
356
1855
4795
839
1089
345
4348
2970
2891
1270
2588
5452
4816
1768
6916
3695
5368
1167
3612
3178
5057
5495
7474
1920
4293
6252
4358
2456
1484
752
2841
1924
6268
3537
5064
3756
4260
3148
566
2277
2039
2653
5091
206
6488
5349
1557
855
1055
5141
2274
1631
1019
4581
1312
5444
2194
170
425
1327
1960
7299
2840
3784
5202
849
1245
293
795
2057
4183
5971
5705
116
318
1191
7168
7745
3230
5014
961
2022
7268
2578
3241
2832
4067
3146
4709
1915
300
3385
4635
3276
3367
6886
1868
3632
476
3903
4779
4409
1959
3068
671
2925
4189
3147
3029
7193
1892
1167
2383
6466
5325
2341
244
3926
7704
459
809
4243
4327
114
5049
4117
2059
1389
4630
252
846
318
284
413
1210
7555
239
440
660
3218
5905
1583
3217
6626
1467
1833
1996
4208
109
2032
1305
3888
4011
2544
6771
3195
854
3876
2541
73
2115
1475
4596
3082
2805
3056
582
1047
4171
1653
224
3585
3093
123
3403
1411
2807
2435
1874
3991
765
2847
2164
1103
3849
2681
1093
1192
2489
2008
1370
5234
2304
2082
4093
2608
3686
1885
2770
873
2745
597
1868
973
6133
3000
5004
4338
237
8231
5323
2859
4870
2780
1425
8189
886
4397
2163
3039
1083
3602
2150
2933
2470
5145
1067
3848
182
6210
5031
98
3534
6729
5002
1462
1111
3019
331
2348
729
648
2594
5437
6261
991
4575
1796
1074
1471
3095
2963
204
3912
865
1255
590
3901
1600
909
1271
464
735
2295
1689
3281
274
2244
5954
1058
149
307
2712
5627
4646
2908
3807
2082
2220
3042
84
3505
3252
496
5551
2949
946
701
5278
412
1074
1081
6416
5763
1881
1238
4362
2824
6129
5748
3731
2800
6417
312
4634
2709
4013
1077
3502
2930
5832
1574
2025
322
3125
1495
1736
2116
2373
3734
3671
3020
3360
1340
2092
2883
2104
4362
165
472
3124
2644
6627
4655
714
4843
1684
919
238
1358
6000
6157
5078
1280
2466
4264
2327
3220
3471
5729
3491
4077
2851
1312
579
4029
1988
3758
77
2095
2232
3433
824
1772
624
6324
173
6601
1796
584
1018
3758
678
5991
1792
4745
4569
3707
1616
3961
4877
1987
6188
5387
6621
654
4612
1110
4140
7783
1527
4248
528
2807
144
8160
3813
5396
1410
2216
888
3713
758
496
1884
7555
3322
2509
194
6239
3815
5784
2542
17
5974
837
203
1220
4641
5092
1731
3738
1751
77
348
2501
4303
824
5829
2458
2091
4966
2196
7611
7136
4300
5029
6446
1322
7483
2479
2332
267
1478
5577
4524
1744
457
1159
5514
315
30
4543
877
6754
5989
3904
660
4081
586
1976
2850
853
2652
4302
4886
674
1149
146
3540
1568
120
2356
399
3165
5287
1962
4899
1572
5031
4127
5827
1610
6784
3415
131
5204
1047
2034
3569
2145
1082
4060
7042
1079
3481
5351
674
1369
275
1581
1746
3887
1790
1134
6259
2450
3813
6883
503
910
956
2414
5473
1660
3455
2514
2681
2986
167
1622
366
3029
2604
2300
6913
3720
4141
752
171
1582
1448
8169
84
810
164
2450
2228
648
2230
3401
596
5574
1799
464
3605
4177
52
59
6834
570
2184
2890
1893
450
456
5645
2063
6386
2896
4159
123
4691
1244
51
2365
5159
164
3969
2308
2563
4890
3585
354
1068
2665
5332
329
3616
4416
169
1508
919
2435
4078
1612
2301
4003
2846
1624
3394
4458
4274
6155
2609
4511
2403
4571
1079
2840
5587
4770
3247
1492
290
2113
5680
1891
1058
1899
2756
0
575
920
3544
3755
1242
4348
195
1212
1258
641
1636
7291
831
6038
32
264
3299
752
1173
2283
1138
2291
5441
329
2488
459
462
1999
5048
1840
636
1927
2715
86
1638
4600
2222
5657
668
286
3813
6430
2022
1437
735
12
4854
3198
2983
6152
5253
2396
3583
3227
3201
3423
2817
1961
3972
913
2163
537
2712
847
1556
1142
1065
1127
1126
3854
3714
3188
5067
2269
181
990
203
3028
343
5189
2109
4308
2360
404
784
2233
211
2223
2379
2015
547
6553
1076
987
5661
349
4096
2679
3399
895
742
516
5743
5491
428
2106
3343
6914
7065
4919
421
4757
4351
271
2111
1642
2170
2061
6553
4133
3919
2758
821
4078
937
4255
3242
1379
257
5816
2494
2835
1251
6224
3253
1117
4284
1078
2249
418
3813
372
8065
6817
6865
2851
1340
3982
3249
1599
1429
5871
1258
2579
4189
1845
4354
457
220
6352
5111
1460
1692
766
5123
5857
1871
5472
1733
5721
5358
3391
488
3163
695
1743
4633
3736
3736
6219
2518
5111
7712
2135
5467
3050
1668
4871
3988
2638
2879
3370
604
3809
2050
3285
1927
1257
1240
3657
4929
203
1942
14
3640
765
1703
4416
1417
105
904
1513
2264
456
3281
125
46
6320
2728
3226
3364
4392
162
2629
1279
1763
1315
2375
4264
3739
1472
76
836
1549
447
6361
5038
1692
4607
2658
5197
4507
708
3392
1179
696
3745
2624
1302
1278
4285
709
2274
1355
3194
2702
1451
4560
5365
1676
1693
4843
2842
937
6201
3554
3413
24
1943
4789
2395
3224
46
4356
1474
5397
2530
4393
151
4442
6737
2207
6572
1368
2834
1943
3737
65
2378
5318
3793
3424
1817
3612
924
641
3772
6233
5879
6988
709
3358
4764
1542
2614
1718
316
3198
1115
5163
1805
3541
5010
4969
5187
4430
5555
3696
7614
1779
1618
6683
5821
807
3544
954
4437
627
4341
1466
6869
443
2699
1476
1134
2324
2956
1770
3623
2538
514
6240
1336
459
1163
3513
1726
6932
835
5017
3805
223
1301
2838
555
2731
2895
660
2295
3541
1720
1896
4741
5015
421
6709
1735
2903
582
7698
1455
113
5909
4517
1285
1048
3035
1497
5541
1167
493
4521
4799
2899
523
2883
2717
3909
4703
3791
1589
427
316
1482
7322
2021
2687
1955
5778
7232
1821
3405
970
4222
3227
2028
1339
2027
3743
1535
1870
3686
2620
708
1806
719
169
576
1852
1328
1260
3254
3773
976
1862
1072
7955
612
5005
1343
2903
6413
1689
5761
4395
629
1142
1031
726
2435
241
5880
1740
1790
1912
5332
4736
4171
4684
3463
614
373
3866
1302
1735
918
6359
2476
4097
1827
5926
3069
63
770
1499
4588
956
279
5393
223
2356
3032
555
1186
771
1922
4173
2589
297
1074
2853
78
1569
2426
4428
1692
1346
371
2064
7318
6402
4643
3194
3906
2381
5127
3116
343
3914
4679
1204
1543
964
482
3943
1643
430
346
1215
3381
2155
4117
402
2455
23
1559
1626
783
1130
408
4882
2490
2161
2756
1159
2156
4544
434
883
6870
1819
925
3155
2727
4140
3263
3833
821
3338
2562
4828
1053
1900
7825
3882
4866
7624
5198
4522
2229
3065
5455
681
1522
4202
4878
1831
4568
1458
3229
426
2126
1434
267
487
3426
48
92
8476
914
1752
6711
2387
1046
4830
2186
1952
3588
2934
2212
1706
5036
4232
2734
4483
2205
4535
1405
1900
5286
3104
6778
577
6093
4996
4221
208
1217
1515
3392
4723
298
659
447
73
1063
5478
3174
4483
722
718
4474
4239
1800
5265
487
2171
5525
2162
3045
4764
1697
4183
3977
2907
6971
5298
5723
2791
3732
1927
6780
2768
2911
5723
195
921
159
7773
5849
5872
1529
27
136
2492
3104
1616
3800
541
2514
1287
4481
5064
5797
2683
6916
235
273
457
2513
7129
6257
135
2685
1296
1236
5070
1
692
20
1207
4425
2918
1207
311
7094
5225
1317
2810
834
5352
6064
49
6741
5962
205
3857
473
6188
103
4571
1220
5148
3956
1057
1116
1798
686
3310
213
3073
2042
4265
2368
4842
2801
249
1128
2126
1585
3739
2898
1427
1684
1744
3024
420
1197
4632
496
1365
2684
917
6693
1814
6917
1428
1644
5287
3212
1438
781
2263
1358
1697
2970
2748
311
917
1
2932
1208
5149
4428
965
5291
2251
3369
959
4215
2379
4680
2604
2191
2505
1045
681
6431
2935
8086
1217
1499
371
852
6827
1996
718
291
614
1017
3324
926
4843
7055
5014
2629
5548
1932
1506
3773
666
1242
684
999
5998
5435
3270
887
2199
1168
845
1130
2446
1018
2086
6266
2258
6366
3271
3372
4288
3229
880
5725
3178
720
3270
2047
2343
1088
1445
773
5779
2630
426
6164
688
1867
1180
3873
10
2040
1848
4129
2789
557
1690
2786
4160
3031
1865
4970
7342
4578
3691
2338
3003
3473
2265
709
1610
2375
4631
7343
5524
1579
5397
867
2437
3853
985
1415
1940
1913
6905
2052
2305
571
4234
87
2902
2078
6431
836
3646
5298
182
3411
2233
961
157
477
1227
4893
2466
2533
4529
186
2366
2063
3678
6485
2791
1447
2373
2473
555
3084
325
2184
3157
5014
2507
2004
2113
34
7
688
5106
6457
581
4110
180
3415
2063
3089
990
1256
805
3131
4572
3185
3609
2939
8429
6035
295
323
4775
5342
3704
2613
5636
5272
54
2601
752
361
1835
1736
578
1436
2937
1734
4128
1396
3983
3015
3455
323
3477
1371
2843
4518
8148
823
3575
2743
4626
130
598
6966
5481
6695
5494
306
1337
33
2427
5778
2905
7024
238
2173
1441
2846
870
4817
4873
331
690
2589
5097
4952
1678
6582
4791
39
734
1053
4337
1957
3644
1475
86
3717
1654
5739
3471
3887
4802
2018
1220
5654
5835
882
4040
3358
4702
302
2055
1157
3794
4512
2956
461
1520
2991
410
1952
5072
658
5467
3348
4992
3305
2639
3408
913
3520
5507
2328
441
3161
3255
1975
5053
564
1182
107
140
446
7518
3485
118
4882
1111
46
2106
5375
3035
1341
3138
941
378
1706
2438
4656
3427
3075
1402
500
3223
2000
2049
2918
7219
137
2129
2143
6848
88
6276
515
2750
1094
8433
745
2855
470
2354
2619
1065
343
6821
382
3806
2133
691
862
4
3865
1512
2948
8167
283
1479
5807
651
1608
909
550
5495
7768
1403
283
1892
144
613
4217
1491
6488
4604
1452
8254
920
7002
3188
4663
2245
590
2274
2020
131
2142
2689
1541
2994
5834
96
7264
1590
5397
3033
38
931
4916
4726
1700
3185
344
6497
2564
5132
5274
1049
53
1940
2054
4826
2100
507
639
2304
1607
1154
134
2019
4079
4917
2663
5536
868
4964
1890
113
3251
4607
2562
392
2187
134
2032
2916
2751
2992
5761
1227
3358
3307
3663
160
1651
931
994
656
6260
2866
7590
2229
1247
1063
3183
2831
1648
1339
3140
1695
6831
3043
628
3804
2302
782
4171
271
3495
2714
1963
1619
636
924
2771
1808
433
749
6814
467
2456
8529
1085
2466
2489
795
5842
2031
2803
625
5627
3705
3314
2040
5399
2557
5316
2446
4667
1514
965
797
3376
6086
1292
204
4485
5873
5201
6969
1554
3778
100
3857
4537
793
3507
5580
6263
1666
1741
2758
1779
2275
4099
3057
4409
493
529
3117
625
2415
1336
2237
1797
3309
1212
2937
1721
782
2787
1328
485
1955
3210
1162
7261
5117
2419
433
5916
247
290
4058
26
3141
5617
3625
864
3255
6682
2023
3033
1940
5664
4211
2583
2481
1012
5312
543
1926
4392
2327
6004
2736
667
5567
328
4699
1447
2944
24
4396
1247
7224
3980
7121
2089
1221
3079
6555
63
929
263
8016
4651
2429
2059
2235
227
432
2785
3355
5578
3450
145
2213
764
185
3023
131
3478
1479
1299
1318
4409
5266
2170
18
312
4395
3241
149
5339
6171
1222
1405
3605
2077
5971
4639
2196
2321
1264
2062
43
2918
1480
2266
5578
2350
7631
4270
1602
6427
3944
1489
2425
2267
1902
2628
4887
5566
49
3374
1624
3696
2269
4438
2271
2432
1104
1561
893
2493
2888
2931
5331
262
891
2826
507
354
2608
5305
1854
1170
2035
4064
1571
3366
2347
2470
3560
389
6451
2957
5559
5652
1749
3801
4918
5574
72
5107
2174
2530
1998
1615
277
3688
3928
2
2632
1984
6109
835
3050
749
7039
6632
2032
3982
7386
2975
2784
5598
49
2353
1815
2771
5576
919
5851
28
5495
789
4193
4237
6529
4865
3507
3227
205
2747
3505
315
2687
4743
1119
181
2288
680
173
4056
4159
3674
1857
1410
1895
2566
3383
71
535
3585
69
4831
1077
2625
3502
3702
207
1240
3535
827
4544
1752
2898
3924
545
3297
3271
4155
3834
5904
3188
1254
7327
7562
1975
2964
7485
1332
1621
2194
798
1965
5451
4782
137
1236
2861
6889
1640
2729
2355
988
4997
271
3431
1954
3472
4784
5705
4000
1681
1436
451
999
4084
887
3505
2746
2326
2862
1039
5178
955
4232
3835
6066
1080
1838
3824
3392
1214
1888
6486
3268
4317
6487
1142
1810
848
6520
1611
3776
699
1141
594
1191
1256
2426
4618
3010
3028
2512
2071
2152
1427
3885
5562
2672
4293
280
1923
2190
2651
612
4391
1980
2026
5003
1092
968
478
6153
901
1425
1680
968
1879
1112
1925
3927
1985
3878
3324
3767
480
3535
1928
5267
4768
1331
2817
5877
1258
741
979
4113
677
989
703
1012
599
1483
487
3033
3787
2169
456
1300
4565
6079
6370
6464
2168
5069
1059
1657
4369
5709
6851
331
1597
2748
644
3466
3323
2028
2428
6884
5202
1770
1735
1348
2070
5434
4278
1191
429
1242
466
5358
2235
1627
1736
1920
1379
460
86
3608
4605
2961
953
3998
4073
5674
3154
7319
5906
2311
2643
6278
714
5171
2640
1932
1139
4359
2788
3721
218
2842
3246
2317
3265
3045
689
1568
2362
4923
419
4186
814
1116
3609
2404
5162
3029
5778
505
805
3483
988
5940
4008
6605
3799
3538
2807
1483
1571
1735
115
1362
2309
7442
2303
1751
557
1319
5809
21
1196
715
6666
3843
3855
3402
5600
933
180
6738
2109
35
2914
2371
1034
1636
1503
2695
1276
1411
2204
922
2256
5842
6996
271
5506
6731
7682
3136
6009
2733
3132
2335
1226
1855
1585
2706
3391
1216
1058
1245
2329
1921
2327
102
3803
1438
675
502
203
3969
3639
1834
3482
2889
1465
6986
1664
3445
6309
1896
2667
2821
3510
6157
45
1079
988
7265
4471
4367
5450
3249
186
5050
1890
1764
6195
3862
5670
8094
4274
5087
2799
5234
2278
6981
1168
1324
4342
4673
179
4796
2584
3855
775
1815
1230
1649
6552
2305
5393
3269
3357
1958
3076
1669
5359
3730
6163
1725
5054
497
539
1806
80
4817
4160
3235
2653
1726
3603
433
4928
2072
2115
1840
568
1636
761
5362
1971
2459
2284
537
4767
644
37
3701
5111
2361
1539
3416
333
1372
319
330
3418
3031
7846
661
2264
3053
5287
4352
505
4428
3599
2610
54
1961
1078
4955
1097
1834
4170
1479
4457
2605
2876
1456
1157
4757
2350
2453
4196
1754
1971
2027
2347
121
3517
3755
1876
1423
3530
6573
5326
640
3565
55
5374
4357
502
745
1621
2627
3267
2861
4264
243
4173
7375
1643
882
1429
6197
760
1941
891
2766
4008
4096
167
6524
1254
5974
3135
745
3947
5352
3935
5311
5669
3265
3423
4427
5370
813
990
3816
7250
418
2871
1261
2701
3512
383
1617
2653
1689
7510
2452
322
2965
3219
1638
3348
2673
4656
3419
4089
2303
5444
6174
843
2579
3273
2096
2002
4192
4270
5473
2397
4062
3570
1733
508
3089
249
1745
859
1168
5593
2321
5592
2726
6383
4566
5521
3532
2195
4751
6041
4739
8344
1004
2604
4974
3875
4485
5915
3531
3837
2996
6389
4877
701
2695
2435
1725
1140
2646
5498
2750
3864
987
519
2979
5045
5996
1884
2752
674
1926
992
6172
4472
3169
440
4492
7530
5093
1147
4417
1582
354
3500
4889
1541
947
4398
1084
1754
4611
207
2337
2235
7792
1999
2900
2055
3198
1011
3547
2597
2374
1477
1476
3014
3094
2263
130
118
673
1059
7070
881
1072
599
5673
4350
1104
175
1335
358
5207
122
457
2459
4330
5656
852
7857
1164
3173
7165
916
1277
2933
899
1718
1606
3607
3799
2163
1818
2274
5858
350
3970
412
2218
847
2722
588
3781
1814
3277
571
3473
2259
6077
8386
4080
555
2884
604
5978
978
1811
126
1865
5084
4917
5773
5859
97
4613
435
1021
5791
6429
1979
3983
675
4757
509
6886
5326
1833
2518
1474
3140
2746
233
4195
1560
2930
1099
4677
4012
5730
4300
763
4104
984
3819
5406
5489
4974
2337
333
7678
1298
4879
1158
7310
954
6307
2659
3079
428
735
1846
4012
4609
4654
4926
5538
2813
1467
2644
1176
968
2157
4442
2414
424
1094
7904
2000
2711
878
3071
3912
3055
33
532
3425
1824
2506
693
2358
6531
7498
2494
6545
1352
4446
47
2992
3488
1533
849
2674
1500
1420
903
632
5479
1215
2151
2077
801
32
5020
533
4934
2403
493
911
812
6575
1715
4124
2008
530
4174
1784
4085
4705
2363
5912
990
874
280
3589
289
3702
504
5149
481
781
115
1450
438
4344
1089
1799
607
6448
3256
3317
1461
1434
959
6561
1829
1071
2975
4760
497
4984
3502
669
2747
1162
386
1312
1144
6880
5249
3168
3643
5627
3037
1237
990
3522
789
1338
5064
1520
5359
209
1306
6945
673
4007
912
152
359
1040
660
4629
2482
1230
761
3871
7500
879
6650
5129
1692
1742
1644
8404
6878
47
1277
867
2215
3821
1263
813
590
2881
915
2658
3378
1969
1964
1355
864
2195
1016
822
2899
2907
7440
923
7097
820
2846
3601
1245
1823
6201
5779
3205
1545
2291
2866
4694
4547
4522
1100
2837
7930
2073
2038
4702
6266
6887
118
403
4006
548
2191
1022
195
1797
469
1743
1730
3350
740
1922
2944
1882
845
2294
1645
6177
2101
1534
4080
1144
1045
2334
1992
3014
6005
1008
1398
1202
1651
3525
1135
655
750
1844
3781
7690
2713
3728
2118
2117
6351
359
1755
1837
4660
3765
487
361
661
724
2859
1971
1118
3255
3429
5316
517
162
3313
7207
1124
470
535
2059
323
5143
4081
612
1378
1326
248
4415
204
6252
6095
977
3925
2306
4431
3555
8009
2763
2057
1875
3885
8044
3228
3911
3393
2454
5779
6355
1716
3578
3276
861
2173
2517
761
2429
2255
5973
3376
1536
1423
644
882
2340
4873
7573
2009
541
723
4257
4004
2144
3490
2395
766
1493
765
918
3840
5885
886
1545
1683
25
5524
69
6343
506
5429
5400
4409
6625
7238
108
256
3047
1434
338
1695
155
1925
944
2727
3784
2497
1000
4660
889
2422
1804
1968
5461
2604
5588
3876
672
3076
3606
296
540
6289
529
972
7070
4014
6720
528
5049
152
279
4122
3324
6678
2754
2790
5215
4985
1875
1791
260
3374
336
1706
4567
2629
2714
3983
2724
3980
6514
1267
4876
4806
2377
8048
1800
2489
1574
431
2166
2291
1576
4764
2194
6460
4297
6867
715
1399
200
1861
4620
214
3532
2062
4732
1501
814
1155
1655
359
2504
6827
1524
6057
3595
1768
1666
1275
6144
209
1224
3910
4180
1741
5024
192
2435
4186
2017
2901
4787
2249
85
6277
8126
3077
6177
6038
115
4436
2842
1703
1681
4430
5344
4705
2822
339
1149
973
184
3164
5797
3465
2126
2330
363
4608
6005
2307
1533
2151
4842
1637
4923
1182
6424
1973
1298
659
1824
983
1630
816
366
21
1452
4952
1003
1594
3062
961
2364
3606
782
1112
4477
1682
2846
296
5266
923
5230
671
2223
1112
749
3889
3822
1444
136
4368
3324
5221
836
4029
1751
777
6353
3136
3117
3438
2830
8062
6607
3818
6683
5757
6459
2982
13
4856
3908
3320
6203
4542
2755
6390
4386
393
6720
4629
3317
16
826
2124
1690
4783
1293
299
2560
1780
1116
3253
2041
2
1723
3060
7276
2277
2332
225
1477
3975
5201
382
943
2583
3014
3545
2809
5003
2593
38
620
1200
7495
7511
959
3197
3378
4835
1470
359
2636
1112
6508
843
8001
626
2947
415
2622
3828
1601
7217
1278
2198
5406
1313
3459
6305
837
1738
3507
4433
7751
1975
4979
4117
960
5444
2440
1317
1236
1949
240
987
2926
246
956
533
7356
2963
167
2039
4056
2620
849
447
775
3001
2124
6889
3257
2206
671
670
2731
585
142
4466
6079
2640
6609
3575
2363
2654
2109
1627
3437
2559
2310
2169
1554
5287
1415
2825
4813
4801
4470
3285
644
7569
2013
3609
2795
1608
260
1698
772
3190
740
89
1670
4884
494
3460
1069
799
910
272
1493
1852
3843
2724
1983
4435
4916
570
680
908
463
2150
5
861
6208
6114
409
2364
8356
3933
2258
1703
2049
757
3426
1650
4769
3868
1745
670
1067
2816
6577
1819
353
5862
3771
757
7468
422
3157
3482
989
4191
5403
7274
4526
3722
3854
7463
318
3146
3191
682
1295
1561
3210
1439
323
1027
3367
3258
3085
5469
428
3476
2566
445
67
4119
652
1435
2092
817
2439
1046
2795
3829
3584
4695
4433
3625
3268
1874
6150
3190
3157
2553
1356
2409
1417
1681
1239
5499
4995
1843
8613
5589
4858
1345
3491
6219
2550
5329
3654
1470
1064
6279
3830
6032
4602
3129
513
2485
7478
7417
531
1797
2119
3057
7647
4647
871
839
6962
4234
89
1022
2753
5360
1891
4186
1827
3361
628
2399
434
3317
1924
1474
4973
2156
3189
4917
453
3948
5965
10
5592
3625
4356
443
3860
248
329
5264
204
2171
3766
3084
794
3221
2326
1006
2476
6927
4064
848
2207
2058
2119
3411
1835
5760
6086
3798
3196
4262
6970
4945
4750
2377
5680
3379
1108
2822
59
160
3775
2818
1195
4030
6412
259
611
241
4667
5834
5849
4053
3316
7406
843
2184
945
1676
6057
6733
1493
5785
2608
6225
1007
1371
1565
63
497
674
4459
3150
4934
938
3504
5333
3408
3937
5720
3264
7640
851
1498
4715
5693
2513
3614
385
7139
1966
909
1160
7586
81
3535
332
273
809
3140
3313
859
5052
2951
5158
1561
479
4741
1263
865
437
4596
2535
2575
600
3322
3661
267
7458
1795
4179
2828
3018
356
1796
1342
2058
1628
1422
4494
1284
101
1068
2254
107
4967
8034
5749
2821
841
6357
6371
1514
358
7141
804
2764
1077
388
5524
1728
1469
1629
943
3309
991
2863
917
3991
2958
776
1335
2386
3450
3109
2337
837
5210
298
3149
4490
2509
852
1628
1468
531
550
153
3530
1730
6459
5466
580
4626
6934
7
3561
1607
1738
836
4296
2712
1101
487
1803
475
6300
27
2358
2797
4963
4353
618
950
2089
3443
1282
97
45
925
7194
870
2633
4561
1697
2261
13
2608
4243
1674
762
3438
2348
3186
1551
1592
925
6862
1557
484
2679
127
7527
1804
5020
4906
1025
2795
3586
4262
7589
3494
3860
1587
5534
25
2736
1100
6748
4051
3298
4565
5700
1185
534
5026
946
1123
1688
2208
1886
6210
1744
431
5923
6117
398
3911
5418
2003
5982
2919
2824
7664
3191
1807
185
1885
6929
4307
2637
6666
983
4381
735
2695
408
113
4678
497
958
530
46
2442
137
1935
1485
1549
2847
3903
379
339
408
1870
1220
823
1183
303
6423
3137
1516
1001
914
3500
6441
7801
2431
2149
4011
4147
1389
585
1475
3527
4566
4024
290
250
8088
380
6151
2965
3800
6886
6026
2041
1475
3248
3700
4757
2138
1752
3734
1033
2672
268
6855
302
966
5263
4848
1655
1675
1815
2601
1959
6334
1624
1050
5670
2507
6718
5416
183
2026
881
3213
897
1071
975
2311
3847
7315
7382
1304
3176
3719
7602
8073
2460
727
6572
5631
2066
5660
5991
2030
2406
4023
5034
2118
4021
1397
4964
25
1665
2353
2731
2277
5135
144
284
1091
2266
1627
2856
6157
5851
2848
628
376
1556
4495
265
6113
3900
2590
1536
2087
371
856
2158
322
6222
4371
3882
7536
3059
1188
7347
2603
2163
1013
2362
7772
3968
505
6441
1956
3892
5
15
1621
2817
4126
5676
2249
4711
5462
749
4299
3115
1444
1235
4056
6079
1788
513
4169
6085
2762
6414
4727
2628
2183
617
4570
5865
618
2432
3412
6697
3859
4875
7327
4544
1319
183
2117
3902
2453
1713
469
1532
206
5473
160
940
2592
1473
2115
643
784
6942
7487
2585
226
2112
4889
1072
2644
3960
6479
1423
582
678
3712
5424
4729
1620
1349
4981
5319
4079
5398
1540
4485
2745
6439
1468
5656
543
3382
3633
1994
40
3396
5037
2310
2685
6223
6945
2733
611
3404
795
852
4188
4922
2882
6871
5462
5496
2841
3797
1328
1607
4460
4642
4613
2154
3589
4377
4045
403
2151
4438
5924
6289
2113
6064
517
1554
197
3333
4928
163
3859
1291
2430
2802
6248
2386
3040
148
1477
1437
2464
6312
161
4231
3919
1037
2628
1726
6745
3150
438
780
302
976
4206
2756
2337
1729
408
1209
5467
2765
3970
1357
346
1972
1481
2530
2037
5642
4812
5697
5350
3086
3176
3845
4
1718
1690
993
2541
2651
8
1999
356
7222
3398
302
1209
3446
37
2339
4922
1253
3212
2090
3275
170
3364
3520
4610
1421
4300
1482
4016
1080
7218
613
51
6697
4484
4523
337
4443
3250
1463
603
4998
4269
6526
5982
2003
2667
2250
3500
1781
4778
4040
3152
2125
4964
244
7045
1112
3517
3977
169
3648
649
4906
3627
3254
5426
6752
3377
4241
566
3091
306
136
656
3053
765
4915
7630
31
5026
3047
1178
5245
7134
8052
4744
982
3314
79
1035
522
4240
6279
2158
1177
408
5806
6026
5489
792
2607
556
222
2783
2580
220
5878
1451
146
1134
7221
5218
1929
1035
4087
2438
1802
4163
149
1792
2865
2951
1743
1760
1503
3946
6160
5503
497
4040
2535
3054
1941
3828
4413
3547
2226
858
6467
2549
4614
2160
2175
2098
5864
2063
3411
2971
4339
1447
941
3072
2763
4269
1004
2046
1498
666
160
318
3652
3363
2109
1975
459
4922
1542
6302
2283
1720
1524
1156
1128
1299
7713
3468
2139
980
767
6041
279
2136
2264
598
1216
2517
794
217
2757
1220
410
149
8284
2571
252
2595
2780
1477
510
2262
156
3198
2786
495
3288
2921
811
4698
686
3823
1254
1532
2808
6384
1783
4715
4856
1154
5383
7321
3672
2182
2903
6659
758
2089
5055
1019
4245
2847
15
1255
3815
2821
4114
3326
3405
3005
6560
4315
2789
381
4560
1355
6916
3041
5726
1947
979
11
2465
3998
504
644
769
1337
1152
3099
989
4414
4434
3133
3042
207
4994
2297
1455
3900
1182
2775
3612
4170
4273
4201
476
377
544
599
72
1044
4752
4745
2836
2958
3980
16
2089
5640
367
717
5088
1039
1491
7550
1331
2691
2202
3556
1860
422
7084
1297
376
3569
1212
960
1107
6179
3004
270
4278
299
439
1790
1541
1294
2883
4686
3160
1720
1718
378
5150
1007
5994
2384
2331
979
160
811
433
2909
3352
5660
1023
1094
5209
141
4308
1623
3512
7025
7850
5526
5588
3397
5173
24
611
1176
2898
1881
7708
5392
4769
1107
2152
7046
5682
1782
6434
6177
2644
1067
451
8098
33
537
2402
2842
3847
845
2773
2260
3293
1724
4756
701
4060
4952
6438
3843
818
6371
1872
2967
2627
353
2461
4696
341
3764
730
521
3371
745
3051
6372
3304
2196
1952
3698
5412
83
2276
5425
2018
291
3617
2571
4401
1142
496
3179
4602
3027
3196
5265
813
3516
1320
1332
3391
1310
67
4820
6551
3047
4043
2847
1404
980
3715
6567
4140
139
4408
250
2987
2089
3588
4468
2013
507
2268
6072
1033
2137
67
3142
1457
1409
4505
3307
766
185
1211
676
6242
706
4812
3545
1775
2633
877
3408
2186
5718
3864
518
5130
440
2373
1978
966
241
2831
7124
3157
762
909
1265
232
6321
4181
601
619
1261
1259
2479
1834
1899
2252
1659
3260
610
1040
2387
884
1209
869
3560
5120
1870
2735
4186
2389
77
260
2992
1314
2517
2317
161
1393
470
3433
1836
698
6155
7120
659
2380
398
2500
2165
252
3231
564
291
5162
41
4234
26
1537
360
5825
1915
3659
25
1284
1615
4768
6025
2988
459
3779
3359
4815
2933
3201
1646
101
3235
5981
993
4015
5058
820
1511
1111
189
795
823
1843
5534
310
1516
6406
219
7143
1825
6779
3081
1798
5960
6447
2153
6911
2600
445
2006
3467
923
6372
3870
3324
1510
2664
2213
4694
1098
2327
511
4796
2731
3330
640
1039
6189
1028
3509
2411
1646
1658
5032
4041
4425
1870
5321
5366
4928
4172
1312
1858
4672
68
5565
3857
477
710
3193
703
6409
4872
4798
4568
171
741
1987
2835
5971
3085
7096
940
2646
1187
6498
2586
580
3868
2099
1489
3931
3346
4269
489
2055
6096
253
2518
4987
900
55
5185
6323
814
8219
3713
886
4445
987
1615
824
1124
2150
1913
995
2938
3393
4925
1617
1580
3867
1767
2072
2268
70
3633
6281
886
1760
4916
273
1897
2165
3101
6872
2482
2144
644
693
2474
6269
4543
6902
6514
2602
7302
2736
1440
6553
5298
403
4892
503
644
1872
3479
1745
398
3869
2842
5950
1922
4542
2165
5249
2731
2346
1326
5075
6386
5236
2472
3208
6319
1109
1186
1600
6522
2574
528
4143
3474
262
1016
1887
2934
2954
2981
1169
877
6179
3178
139
1470
388
1089
7302
4057
1229
46
416
3570
3201
3216
4728
1410
6287
7176
1078
587
3230
4323
439
3533
1191
1969
1193
3456
4284
7744
771
23
2725
2025
655
3963
3523
614
5656
6159
1969
1847
7190
5874
3014
1886
1011
508
863
6563
1684
6227
2856
4655
5107
1402
4815
674
3305
6384
1600
458
7205
2316
3050
5167
3841
312
3292
2496
3992
1047
5715
815
3650
4851
2263
3357
1380
3818
4347
1363
2228
1588
5467
4775
139
4134
270
1931
743
3890
5118
172
1757
770
6767
1612
2903
1669
539
3211
1571
601
6320
748
4577
2583
4509
1323
2882
5169
1146
388
5836
6832
2255
5112
1664
2309
394
6622
3096
6063
2064
2286
2169
6302
3742
1607
294
2196
3037
7833
3248
1941
13
1937
6013
1071
1565
8480
2128
1855
2472
28
2714
4408
16
4044
1252
4638
5322
850
2285
1326
3578
3835
677
2027
2341
8054
442
2434
1728
2475
2814
2277
3595
969
4008
1645
4267
2074
2177
3205
1160
1381
76
6498
1513
577
5983
2354
2835
5711
406
3175
258
604
7905
2816
3959
3512
2723
4928
5824
45
3444
1342
3136
3230
3415
511
4325
7919
2937
1456
79
5120
4041
2903
2003
2113
6287
5072
149
1952
5922
231
5037
2643
6360
2522
5296
370
872
1456
2624
463
918
1973
2397
1603
919
4536
641
6257
4517
277
404
2114
650
7696
91
3656
3794
515
4014
1129
551
7019
6499
311
3017
7096
2368
229
3875
3992
5237
1354
611
3555
3793
2072
2533
1994
94
4419
3203
3372
1229
529
2574
2094
1676
1393
199
5024
4137
3341
14
4068
339
626
3079
5884
1848
335
1685
648
318
3370
210
1741
6498
2384
270
2301
3305
4549
2247
4519
7287
4045
723
6579
4040
1646
4391
272
954
5514
1330
2635
1083
2596
2900
4994
1537
275
2971
3807
5422
3279
6282
483
4728
4228
1789
4283
4551
2558
1576
1271
1953
2515
1248
6452
879
5227
1158
447
1033
695
7463
3871
2636
6130
4911
436
581
2690
1594
4507
871
4513
3849
3753
1253
2171
203
6584
740
908
1523
3011
29
604
525
2006
1514
1848
5441
612
658
1599
1404
3507
2014
573
6768
3312
2314
197
4229
434
1094
7496
1079
632
1638
3239
4488
5513
2904
4483
2266
4545
689
3110
291
528
4042
1414
2410
2029
3795
3632
4044
4852
850
2136
975
7670
1738
5137
515
4198
1262
1784
4744
3853
981
3806
2223
5042
6369
3735
3529
1430
3797
1591
2798
6615
2067
7584
3984
4093
3031
6152
1100
4632
1174
4861
3567
6372
205
2208
1153
6156
4433
4969
957
6675
70
3132
2323
3513
3222
7454
1811
2664
2678
4597
6133
2592
1517
1046
26
1663
781
5213
3739
67
5330
2983
1560
834
2901
4883
6206
7091
2381
749
2337
4421
1280
4349
3889
4705
2894
2320
3749
6989
510
595
950
3533
728
5904
415
2907
4532
5729
5697
2908
4460
7212
483
657
2653
2458
143
261
2589
3607
2406
1881
1894
1669
918
1664
1294
2824
5488
5486
2895
2239
1114
3363
622
3733
2768
1551
513
4343
1676
1566
5011
3507
335
4678
5179
3689
407
3637
741
3729
787
5958
5143
7320
4077
1784
1594
883
6729
463
521
4440
6735
2347
3415
6540
221
5623
4870
1950
6351
1262
1606
2391
1384
3883
2482
1803
2907
3415
4771
2469
3173
1720
1701
870
3822
352
3767
3952
135
3918
3809
2980
1740
3375
2958
2498
907
1232
7134
8230
3862
3
842
525
2233
4362
4980
2771
4888
1167
644
5387
7254
6326
1344
4427
1022
1012
727
5171
2506
1263
625
2145
3516
2320
2634
1925
2890
32
5823
389
1305
1330
4711
711
340
2233
4716
3429
53
895
5672
189
6905
3846
3430
3065
6183
263
1593
2626
792
3356
5612
1919
515
2163
364
1445
3728
2689
7324
3448
6813
4516
1618
4877
2462
2905
418
662
2110
3334
1824
4596
2147
580
234
2899
2499
3339
6932
382
3886
4336
2170
1109
5796
5505
992
6461
3350
4896
1090
4194
3773
5770
223
1348
4842
4222
4434
7191
7381
787
2667
3940
2698
2258
1694
145
3659
1381
1308
1187
2093
529
1163
611
3278
1771
249
389
4107
840
670
486
3625
1679
2450
3778
115
1888
942
428
3067
4594
3820
1281
1474
1638
6231
1316
3116
4672
5975
4055
903
3374
4521
4318
5530
3868
1070
5354
426
1025
5699
538
5884
5108
2132
5002
3795
411
4984
48
314
3679
1499
2909
71
3307
1661
7039
132
2667
2822
1837
1649
1222
4302
5849
2446
5349
2672
5220
4209
458
734
165
2252
5221
1026
351
3498
351
922
4786
3206
7192
1567
2118
3160
1233
1560
2449
116
1645
2945
5007
4044
2505
3606
5873
663
2477
804
4963
5658
7295
1461
2779
833
3407
3483
1435
817
3070
3923
990
4977
1490
1857
4036
5954
1588
965
618
1478
4106
2408
4492
1736
5717
1868
3434
4153
1082
1281
2730
3453
4527
1239
4802
2806
1039
5531
1343
5605
4430
1691
2695
1983
1013
3029
3386
343
1031
1093
987
2676
4272
2556
558
4383
5677
1437
3980
2127
1585
2729
3068
7461
3465
2455
5750
224
6309
2930
3922
275
4356
7414
5280
1177
357
772
894
1149
5849
402
245
3103
546
5602
5149
5236
3364
4412
3601
3484
4329
2232
1643
1660
7391
703
7668
3502
2660
7135
383
3175
3434
5731
2628
1723
3216
6016
5237
7952
6023
5617
4778
1045
1106
1650
2717
4842
1462
1379
2336
6755
2329
3375
3735
4371
3825
5065
2776
6848
805
4016
3601
5406
314
3605
500
2528
2259
2156
1086
7261
212
587
4811
6064
564
2062
1989
4737
1222
4157
54
2918
2630
4997
220
5546
2607
3952
560
1378
7512
3361
2503
687
3666
7804
1746
1986
1785
3288
4811
1355
6380
3607
6878
4348
5778
5062
2920
6932
4933
3957
2056
615
3634
5628
985
1447
708
1740
4678
174
2978
619
2051
1028
5445
1445
5774
4474
1200
1028
5823
2639
2225
5493
2330
4647
1355
2123
2785
3080
1212
2485
3781
1684
1534
2894
3119
3980
210
662
836
5779
8452
186
42
7912
3682
4781
7801
2698
4496
1170
5147
2484
2568
4708
2875
2752
2593
5138
3399
6285
5337
1725
1043
4574
3637
1494
1844
3340
4514
554
4134
769
3394
3606
3168
176
4933
5013
5281
4763
19
2590
6822
4341
4085
644
2513
7616
3091
6887
5658
3316
2872
2883
2016
2641
206
2097
4542
963
1579
5039
7639
6319
489
919
1258
3766
508
1723
1509
2967
1664
2430
3544
3626
2029
2610
723
1004
1295
4330
5043
4885
309
747
46
4276
48
140
2652
59
241
3942
973
605
636
7461
3575
7952
5452
2121
595
3973
866
3244
2806
104
1625
472
6947
455
3624
383
5070
6289
2652
3640
2859
1008
726
1257
3357
2469
33
1761
2675
116
1124
5934
1176
2901
3871
933
4790
5147
738
7483
231
2079
1747
8068
515
6098
338
7156
529
1607
6199
2674
2318
1623
19
1289
7930
6506
2033
3251
2685
17
6629
5857
4104
901
3378
2326
1155
3343
587
3833
5115
3840
1799
868
4261
4022
6719
7132
6369
4524
7497
6215
2136
1960
4693
89
5254
3249
344
2038
1489
3939
253
3686
4992
141
1693
2169
488
3295
1808
1254
4339
3858
1335
2820
6936
1091
2869
4233
6230
1725
2052
3676
1464
2811
4150
2604
1314
2059
1106
6272
1395
4155
1343
3206
2435
1408
3732
1525
1601
5846
1286
4167
1143
7904
951
1511
926
2784
5947
3491
547
6070
2612
47
2029
3704
4417
5113
6593
6917
263
4459
309
963
5140
4601
229
4622
6655
7800
1152
4361
5160
1450
763
3391
1669
525
1911
4732
1588
569
2692
455
4354
2824
7073
3677
1531
400
6347
2446
486
4613
689
3221
2003
2744
1973
619
2074
13
2062
3439
971
4155
2170
551
3482
3031
1312
6927
157
8121
6817
3363
3127
2453
1975
4099
5896
1175
885
2382
255
6510
7719
1069
870
425
2265
1024
256
574
2067
989
1506
3054
2078
111
2816
1339
225
7938
6359
1196
5764
2119
4316
4918
525
1486
188
4474
4605
3496
8111
7016
3388
18
2612
847
1387
1635
2149
4116
1593
380
179
2418
1400
3227
2472
3385
4657
2654
2963
1925
8251
849
2191
5066
1032
1137
268
1998
2031
592
2749
3646
6436
2172
348
3392
234
4031
1470
3406
555
3758
2273
4089
3355
3424
973
6196
3797
1288
2094
1830
5922
932
211
5006
387
746
4739
4357
3713
381
4352
3366
6386
360
6485
2382
5648
692
3620
7558
2313
4618
2521
1799
7013
2859
4772
339
4400
874
4537
6213
3970
2933
1102
33
2397
1651
3571
4187
5668
26
5820
1411
3189
2012
2326
5365
1739
5565
2077
6518
1338
626
268
1225
7871
3623
3457
4183
6298
942
3107
5064
3073
1301
5031
3565
6409
828
4326
1554
1738
192
3442
2606
5702
2354
4385
1884
721
5048
5301
2441
1680
4486
363
3641
4011
1022
4149
3058
4548
2649
3968
2262
6005
972
774
1382
2312
467
773
16
2285
6172
2909
7882
3778
3484
365
4251
393
1492
1556
569
2011
1057
2135
3063
6443
1744
4594
3415
948
5271
2326
2131
6733
3740
610
2163
95
2523
2248
2266
672
1124
4826
5066
2671
5966
3399
2629
2876
3651
5097
1705
580
4656
3930
6273
529
3667
2229
4826
4079
2066
3588
2609
2542
4597
4963
4848
5740
7301
4877
5366
1106
2479
1242
1073
251
492
2292
875
1357
1629
4682
1909
3447
3921
6013
6559
1492
1993
2098
5854
5366
7057
1853
3338
2312
3178
498
4648
652
122
1731
1240
3081
2043
4993
3389
5657
2270
3547
856
5997
3352
4896
256
6375
362
4157
112
3804
3954
2633
2594
1799
1229
2705
1258
5928
842
7814
3024
6117
118
1951
2697
5167
2054
4271
867
1405
86
1035
604
4347
4993
2410
1115
7548
1844
3259
2552
1868
3933
1686
250
94
2483
245
1082
979
561
2500
2578
3131
1237
629
2002
2706
6809
6724
1029
4427
2838
887
1510
2624
272
2130
3903
437
4172
5492
4199
2486
2510
3627
6010
4838
1525
1128
1763
6630
1142
5346
1961
8332
2673
2992
6784
287
500
156
11
4684
1763
3362
3416
593
2061
5623
5090
2167
4082
356
2894
2798
1196
1511
3351
1652
674
1142
116
1569
2235
5124
1358
5807
1526
4553
6362
8017
6255
896
3861
931
3042
5446
981
2374
2490
1512
5960
1532
331
435
7883
415
1546
3924
466
178
5390
1880
342
784
2036
3957
2821
3682
5593
6074
3638
3150
4711
1344
6906
8080
2521
2972
1218
5043
3165
2942
1328
4625
708
277
7667
5442
5504
234
5724
4690
8277
6320
2496
4199
3265
3298
121
3245
1299
5250
1991
1064
5211
3001
215
1301
826
4009
4208
2964
4449
3473
927
523
1925
1711
1490
3957
1578
256
5491
572
5463
359
2024
5731
1728
6339
1158
1031
5974
1761
2728
6621
2202
5658
4268
3315
1096
428
530
98
3497
1108
3766
3297
2768
3879
1543
1855
5751
1560
4770
4092
932
4472
2405
1786
486
83
2407
503
1550
5206
1510
1408
787
5074
392
5693
2201
4232
1060
985
3932
3999
4213
775
2126
3283
1720
2061
1310
1956
6303
2248
976
1324
3297
160
1195
5506
277
1733
1847
6583
4117
3019
1339
3481
1975
959
4360
490
8075
1961
4380
1754
248
6378
6083
964
5292
3399
1777
5027
2877
2374
2471
3639
560
5101
248
587
1935
2951
2988
2629
4521
3157
1407
1167
3035
5260
3878
236
713
3061
1756
376
593
223
1609
1656
6675
4698
3487
3441
4425
362
242
2597
603
2036
2046
2502
2371
499
2607
2143
4554
1642
1368
2020
1260
486
5243
1657
5314
1251
999
1347
5979
3996
2422
3849
2407
3840
3774
5
6250
1458
843
5336
1711
167
6674
616
3944
2727
4521
532
7300
691
8181
4099
1456
1633
412
762
1625
1637
3282
1830
6707
2048
1278
2086
260
1185
1147
6219
5014
301
5070
1122
4532
6335
459
469
1470
2190
236
575
1080
858
6321
5247
166
3078
4101
1544
553
170
2273
2725
5488
2641
1561
1525
1355
3490
456
1388
4870
2009
4100
1256
3985
2869
5346
1466
729
3948
5044
4013
5346
5708
3853
1541
4515
3100
5690
1166
4919
3558
5841
106
796
133
1482
1422
49
2742
2940
2664
5173
370
1224
505
3154
3323
3779
2887
5847
961
2164
5262
469
2136
3277
1289
2326
2154
5020
3208
1172
7792
675
2430
1679
2505
781
555
85
5290
2148
559
1328
4118
2827
5359
1053
3404
1293
1356
243
3102
78
1300
1494
1756
1341
5358
3575
38
3805
1200
4932
4014
3584
675
6138
2092
1463
2890
3859
597
3419
1403
1066
5313
4333
2072
1225
6162
620
1507
1453
2427
1017
1310
4866
2792
1673
5097
4897
2190
4899
1354
5385
7228
2125
2652
595
4010
2782
5017
1131
1159
4268
2111
1037
4343
4985
2275
1975
2052
445
1071
3023
5883
7162
956
1037
1675
5794
3099
4827
1067
1770
3896
3799
65
2840
4310
603
6751
6745
5290
3599
2757
3401
6061
4010
5988
2363
1509
392
6753
2056
1706
2586
6767
1907
1015
18
911
2386
3847
1601
2006
1055
4653
2231
2186
1294
516
3417
4608
4462
1786
364
3222
1344
1073
772
3793
7275
394
2599
2367
4626
1312
3526
182
5663
264
5509
1948
2223
633
37
6664
1238
4906
3601
578
2789
3321
244
1359
1107
1025
6558
4593
2842
4754
4769
4651
2200
1587
3082
3447
917
639
621
6191
1575
3986
2264
2453
3971
3227
2717
2922
4267
1226
1019
1686
837
989
1735
2950
1824
5974
1515
3510
5752
2536
4529
5602
4554
5382
6540
5668
1164
69
6943
1639
2121
2868
1715
7671
5505
7575
2775
1917
290
3713
7175
3025
1264
5910
2894
5017
1476
1687
2707
626
2720
313
3185
5433
159
1335
4815
4471
575
5443
5671
515
5143
4085
2129
2370
4084
7582
731
2624
6674
292
2976
4317
213
2232
4619
5859
1397
117
7813
959
2792
734
2939
2324
200
2859
2322
805
3715
7011
50
7315
4846
4374
1496
792
6367
5513
4573
1895
6124
5188
2163
1108
886
7787
6232
705
4782
3554
3704
1656
1633
5930
1437
399
453
8256
6191
3875
1737
4965
5441
4421
1602
642
1556
3763
5548
76
1639
5429
339
418
5791
75
2234
3583
3660
1786
640
1464
628
3675
2185
2484
690
3320
2708
4365
730
5863
2072
871
5853
1945
2578
3905
6050
2689
6104
6443
1980
2541
537
2834
4060
2141
1058
4127
1618
1576
2030
4723
1806
2159
3254
1402
1116
7568
4196
2935
511
3055
480
285
1459
2277
5984
3958
4179
3155
7307
659
6539
4689
5649
732
1056
1102
5841
219
4803
1838
1801
3724
5125
1438
494
4407
4277
644
7363
1161
2518
72
1748
2713
1050
6479
2301
32
1281
3897
6146
3156
6283
6882
3954
1910
3575
2141
1936
3861
5249
6621
719
1198
6816
4490
2679
2389
736
4504
1491
119
1317
2937
2352
2499
380
3406
3089
2284
3650
1729
3019
439
1486
302
2628
1416
5808
3832
7927
769
2583
274
4457
6508
4239
1008
6470
5923
3183
529
877
4599
1010
6240
4765
44
3113
5589
1977
49
1725
5129
3145
3129
5359
5563
3627
1241
1120
548
4036
1652
2949
2406
3027
3278
2072
5275
1583
4556
1791
6269
1017
3282
1056
2269
7096
1280
1823
1181
1293
1755
566
150
555
5017
1439
365
1231
3403
2542
2116
1448
1105
111
147
4128
1713
7218
5044
950
1881
6563
1121
2420
2062
4140
3683
336
2442
1119
370
884
2427
289
1126
2199
1816
406
2154
1217
1039
2890
875
2224
1553
2169
1991
463
4638
2355
3814
3855
2432
1343
588
4144
1274
1144
2160
3342
5477
2145
2557
4644
5115
4443
2222
390
3439
4599
4178
849
2605
2338
4668
495
3773
1740
3507
1896
359
1062
804
3035
316
2177
4075
2279
812
3755
5203
1700
7138
3084
1202
909
33
794
4887
4846
2429
4969
3168
1879
1426
4437
6163
2000
1266
1276
8058
2113
5483
4130
1962
4238
1832
6193
1216
1878
72
704
2712
3728
921
1067
1931
8130
1722
1460
1121
4467
5585
452
272
2264
7219
2322
3328
1223
5483
1185
3329
1236
7411
768
1028
1744
438
1774
6604
5259
2995
2965
1631
5593
886
4903
615
146
779
2942
4722
4277
3492
1899
5177
2738
81
4547
7547
2000
5368
4728
2187
1765
187
7235
955
1252
2048
2540
6182
5638
6638
2388
152
826
1484
3479
659
6699
2143
702
2085
1834
4236
4795
7218
968
4499
7800
5075
2009
1228
726
3589
3862
191
619
2897
3206
935
2598
2111
2187
4683
4317
3552
4774
2024
1629
5298
1641
75
2750
3681
5541
4177
2830
8118
2596
2881
4140
1329
6294
3267
1823
3928
4643
2013
4975
2192
1233
715
873
2345
2045
2201
2615
6138
1037
3394
7158
3353
2691
1479
417
4461
7561
3200
4040
4469
600
4583
1269
3885
2012
4226
1700
4593
3107
2294
5788
3532
4156
3847
2876
3561
2762
5205
249
7419
1146
3820
3542
1157
66
2297
2406
2182
672
5377
1266
5098
4238
2968
2114
5854
5389
79
940
6565
135
4746
351
5938
1578
142
64
62
1930
474
4914
3041
7893
1014
5052
4433
6665
2135
2402
2916
356
8067
267
388
1272
4250
4661
4019
323
1754
5536
5208
2593
3025
84
3027
1413
1671
4507
5034
3602
904
518
91
2083
395
3480
3098
1545
1603
5840
1425
1562
85
2828
2001
5761
4125
2900
2739
4805
3946
5634
158
2301
2389
3473
2416
4680
1035
7454
6067
264
1500
4432
1908
3016
4282
5713
808
3641
2731
2713
2866
413
443
1835
3260
1415
2461
126
650
2759
2034
4687
813
8639
4023
3318
4215
2736
657
848
1507
811
3883
2402
2156
1716
2613
3066
1216
3405
4575
356
4914
3694
3803
451
2672
6402
1987
3642
1034
1424
796
1310
2583
1904
6683
5956
2255
7006
1401
5787
210
7644
4084
5998
673
1894
1628
547
2683
611
1534
8237
1941
2318
2531
3586
2703
579
8537
3249
1784
1610
3541
500
3626
3498
4573
1578
1157
1192
69
1988
4052
1437
2775
5588
7451
499
138
1461
2430
2408
919
3204
5116
4969
7023
2346
3326
2233
3083
3204
3659
810
5514
568
3727
3590
3612
1064
392
4226
7041
166
4086
1497
1093
3664
3230
927
867
3086
2101
4257
437
1786
4208
2151
4356
5224
1577
3402
4393
4076
2356
1582
715
1598
2535
5628
3745
1377
4314
2317
5076
2152
19
3591
831
2445
1991
7403
494
416
3235
3549
3137
6565
4299
7843
495
6575
2405
1200
1254
5935
3362
1876
1530
6980
6227
6538
637
5511
3061
164
1952
2558
5297
972
481
1148
4713
1090
573
2900
6700
1671
2001
3648
478
214
4538
3915
1059
2777
7098
1168
3844
5095
2956
5751
980
5884
875
3510
1442
2158
103
3296
3415
1312
2197
4383
120
5035
1322
414
7927
1127
8168
543
3560
2377
5241
396
874
6300
769
6734
4803
2255
3223
5755
5327
4463
121
1518
462
4968
971
4068
5972
1600
1215
4324
2272
1015
6980
1671
1739
2989
305
412
2408
2481
1443
462
2899
2135
4491
1448
3380
3087
1262
1631
3961
5037
815
170
3387
2436
4987
1606
4772
2488
7040
3048
2853
1126
468
2976
544
1827
1073
649
6630
1230
6540
1785
2521
841
3975
1435
5606
476
5831
1083
1012
5094
5018
1039
87
1271
1454
4655
2274
5371
747
419
2175
4101
2551
2349
4051
1776
4084
59
4310
7716
4759
3528
1524
553
581
6291
3012
2705
1746
4294
5585
5704
5520
884
1522
1335
2424
4661
1842
789
446
1291
3942
1363
5572
5730
2082
2628
3134
5026
4817
242
3495
1231
1487
7108
1392
3214
3454
826
6907
2255
5635
626
508
5552
5072
2877
1374
1835
886
365
257
4837
1641
3402
239
7240
3113
531
3931
1114
2530
2233
5182
6187
2571
6567
2094
5577
4149
3743
5230
850
6140
1566
688
2063
98
4104
271
3568
27
526
2158
7063
4235
3689
2250
558
3830
2117
396
3857
819
7695
5914
3079
1636
4127
1885
4723
47
3150
1619
1728
5626
4599
7003
4316
2623
6968
6506
131
1064
549
215
5377
3958
6223
1210
1752
2520
1602
5492
1119
2799
4274
2116
1876
1272
4184
3852
2307
2385
3919
772
7964
4760
2157
5395
166
3059
2815
1997
12
994
2539
1641
2784
6583
2429
1949
2038
3172
3248
2019
441
2301
4610
7437
5133
3636
1663
3072
3746
4141
5038
6443
1541
4339
3653
1209
415
3885
2155
2676
7031
4205
1765
3908
1176
1848
1733
8148
5253
48
3458
1176
3606
2818
305
3749
5829
3912
5930
1481
1264
5597
2277
3690
3808
2364
6966
6127
2610
6117
2819
5135
1261
3035
1576
5931
6564
1015
1535
1932
3599
6644
3417
244
4829
3505
2729
2627
2089
6934
6228
247
4548
1715
833
4378
3788
3711
3428
2280
4206
2186
1261
1148
395
6601
1733
6279
2836
110
3141
464
1971
378
1130
4797
3130
2349
3385
1596
191
1509
2462
1126
3258
3954
4583
2543
4377
6919
5037
6122
4081
2273
1022
161
839
1091
7478
5934
4760
165
2234
2161
558
2349
2364
5948
6312
3790
6293
6128
312
3620
1604
1889
1019
3633
478
1837
5492
6249
4327
5008
171
2276
4094
5206
1379
3186
95
2100
1481
3856
2858
4765
2205
399
1965
3559
3238
4786
2112
4339
583
426
60
814
5098
1343
583
3995
1267
27
634
333
2218
4668
2259
2140
411
928
753
4383
1080
497
4461
412
333
521
2589
2411
5212
3728
5160
4559
671
1526
373
3434
5571
2537
4044
1782
842
1491
997
3990
362
266
21
360
2800
1807
3003
7843
1190
1005
75
89
2202
7649
469
5958
183
2949
2549
3162
774
198
3633
6235
4619
2195
3927
256
3327
196
128
6838
1518
6013
1581
2920
366
1781
2994
407
218
6666
3006
1036
1404
1076
4871
6007
3983
5868
186
2263
1763
490
2629
291
1285
2254
706
2884
1483
35
3463
5402
5747
6333
5262
3893
3000
4120
1848
4428
2482
7581
3131
5718
7187
4843
5049
7248
1899
873
3061
6085
4254
4173
1298
5328
2195
5014
4159
5392
2999
4226
3658
772
3419
1679
4865
2372
2541
1834
5731
3711
1978
4877
1267
3353
1001
1996
7
6240
1500
5489
5589
724
3887
4390
3798
3277
4205
259
637
411
259
489
5169
6714
6229
70
8598
2324
1983
1001
970
80
301
2714
965
2667
1973
3620
5388
4211
5774
2755
6461
551
3544
1681
4107
253
1350
1228
3654
2101
984
3568
6565
4487
266
3345
2631
3531
3491
3779
1300
388
731
8088
2090
952
7816
5719
402
1281
337
1179
935
2362
1678
412
3776
2228
7384
2138
156
2908
4719
4550
2200
1051
119
7395
3622
2640
2593
3990
2324
2030
3885
4877
7607
1569
250
686
3460
3845
3774
4862
3411
427
3468
549
1221
5759
4813
3393
3468
908
167
4157
5138
3396
3012
4356
1521
2237
3838
1769
3826
615
205
245
2568
520
5489
1309
3272
1370
2163
4935
1548
6841
595
2724
4007
2406
5243
926
2479
2203
1429
208
5504
3677
2128
950
1967
5324
5408
3866
6103
5569
356
7847
916
6770
4552
3294
3187
2595
4194
790
1251
3733
2895
1431
592
3970
4952
1009
2837
429
6308
2388
4469
2838
4313
2580
406
1898
2759
3826
193
2935
3016
1402
1199
129
1302
4845
3011
7623
1604
381
2270
780
5283
4619
1978
4907
3843
804
5905
5696
2898
343
489
4240
5626
989
4903
5708
6553
1842
229
650
3263
3767
1135
3553
2424
2325
1959
5676
4210
1807
1966
3198
3998
5213
3091
2336
141
1151
5398
4174
1452
2303
6139
6171
158
1333
3384
702
1348
3741
188
4252
2500
5637
1340
7833
6417
2050
2083
2679
5013
5843
288
6022
5032
551
820
2969
1765
5466
1833
3627
6666
2807
629
3354
3590
2109
1813
1585
74
2091
3730
2715
153
3365
1418
5032
1722
263
2533
3508
435
6823
412
1083
987
6534
5177
5363
2655
4793
2177
3656
3392
286
1148
5199
74
1150
7878
3506
591
2151
669
3894
3825
5407
986
478
6929
577
4936
2284
1868
5012
2341
1079
3303
760
291
2194
228
3373
231
379
2268
2113
1237
1173
5454
1541
3004
630
2835
4338
3070
3723
3844
2223
674
3882
81
1992
6912
2205
4669
3854
4508
8228
2161
1445
767
2228
1567
753
3742
893
139
4178
5628
3704
992
454
1263
1089
1274
3118
4197
3041
2154
3913
5808
6105
2473
749
1204
675
1801
508
2387
3
425
1907
2141
4095
28
5993
3998
5509
2250
1012
4779
4895
1227
2870
1045
169
2195
2251
6936
6967
963
271
985
227
12
7793
658
2550
1791
6743
5943
1446
2854
2843
3495
6526
4603
2798
5540
2515
3868
3636
1015
1340
4226
1890
4707
1602
356
3998
1383
5085
1515
1021
3485
3444
1598
6449
8
3131
2873
2264
2377
4680
1098
587
4914
1340
3140
6256
446
3365
2550
5848
6236
454
3821
3828
1355
3777
1387
1718
3850
4272
1851
5959
773
1612
1249
5699
275
5008
42
5892
3108
1958
638
1155
542
4369
1112
3391
1710
384
1113
1722
3796
731
6170
1477
1282
2547
6643
2413
1726
3
6592
673
6209
1592
12
4820
5797
3169
3896
3499
657
2992
8335
2185
5629
7772
4206
3694
7628
4791
2173
2978
6476
1530
6039
1896
6069
559
1705
1866
318
2193
1335
8413
541
210
4309
3061
7219
618
3421
3725
3200
5755
5009
44
614
4968
1341
1217
1948
2115
2532
1601
1614
3925
2057
6504
407
3135
5804
1134
2725
4420
2217
4170
3295
4785
4290
927
4215
5474
509
12
2452
2628
3232
2392
4797
1847
3230
2773
2249
4635
2628
4423
2969
298
3585
2243
5967
5685
4564
4923
2171
1685
1614
3572
5035
2319
24
3029
234
4553
787
