1000
1
2
3
658154
7421899
3226807
7550687
5838336
2183457
9272715
3396705
4732793
5305621
9844639
8845575
1452865
4288716
4100249
106545
2531822
4539355
8509207
5287313
1821564
117213
9409712
3888983
253233
6511651
1965273
3479224
4983681
5043165
9338092
5641834
4981416
2564899
3192520
819751
7264707
2465234
6732807
4513851
287207
6577445
3359425
1740071
3382513
7459673
4362967
5914334
4515379
5388525
1201646
6336943
8022089
3127709
2742277
8275321
9639359
4707549
4270897
4623039
2267065
3608988
2781225
9764832
6173886
5973744
3100935
5954944
955330
9833741
468794
1242536
6411186
3828218
2982606
2310050
3804242
7345572
8224383
8319621
5250448
1942380
7172915
3272536
5070089
9915191
1547857
7225799
7139091
5818753
1848838
1922507
1944092
4630062
1687339
634330
3120157
4788273
6589273
4075486
7138365
7058067
5318021
6065902
3402636
816978
8375951
7206878
678901
6600333
8042850
5929348
8542713
7732116
9201884
6129153
7647306
3266092
3354951
7302748
1601196
7720140
9225254
3545287
4866553
3428944
4179616
7986710
733568
768889
2062195
7871933
343307
7380216
3937834
3745942
713545
2313785
3469171
1392446
1430469
1512020
7321793
9973181
1760487
9040028
8618685
9407792
2306119
1973636
9226891
3907314
9693775
8452145
9968953
4560328
1881088
4148568
2547037
2614656
7433808
7125583
3002940
7777114
7022150
6940773
1523056
7735695
1770909
4992226
9128140
3201378
9020598
8966284
5690910
781084
8006312
4309595
2705228
2828782
6283230
1932118
6736096
8493356
2900614
6705048
5570035
4781702
3369967
8117071
9912709
3320127
7759006
2915648
1097240
4781155
2372772
5136647
2516849
4143681
2645225
4161340
9861410
4182174
3127624
5552319
4963257
3650287
2378265
184836
6479068
8661494
2116954
5731515
9671202
5017567
4952914
5241236
2315620
8322881
5874659
2228328
4159359
3633664
7660327
7772950
8414818
2549451
2909597
3448019
6693131
8071173
7609358
9070892
2253346
3253333
4623210
9732954
9419971
7001475
9917790
5899039
8179320
2034743
1630553
7850521
9568661
9099819
5608109
4400633
7422699
1482767
6628960
1582057
5116430
6805639
1871358
3531247
9355089
4780954
9495617
8564571
5368478
7104975
7635462
7621823
2874659
4775023
7354777
2294630
1776497
9788918
710020
2472169
4340012
4856924
2839041
3908672
3956742
8447149
8309304
3895792
9929915
7454616
7994200
5046344
6776606
9865558
1093943
8648046
7162863
3105911
7212616
2531341
2727237
7364429
2669515
5601896
2139451
24291
412877
6432300
9813208
1122896
8904468
6669571
8496171
1743508
578243
4969265
2707009
1403898
8865056
2636923
1374865
9375608
199619
8151470
9241165
3809913
9315867
6404027
6915823
6528482
1451719
9643060
3892910
4121234
7761307
8548713
6661876
8174183
4981012
8991436
1813430
6401831
5661006
2825952
8145338
8755600
7795216
3368698
159498
6660272
6005621
4050714
6035879
8721591
4718536
7793395
2531503
4034402
6713773
1963677
3079236
681844
1606736
9488497
4803077
9368042
8037209
1464952
58576
5534572
456387
1872005
1936402
8633745
4697957
2598092
7389344
5009524
5966789
65193
1669795
1972409
6632259
222025
3210351
1350794
531771
5741853
5385195
9761896
7705530
980782
443739
1828617
469279
5246815
3713011
8506487
9228118
3771586
4041059
2200857
8159943
8493812
834601
5374251
1091903
740296
383774
7058692
805489
4569921
1547452
7437747
7308297
4757803
1304892
356420
3016007
9206438
118315
3237888
187220
562053
5066505
656498
8325219
1295867
1679336
69688
7583804
8236746
2270544
8260098
6730558
5621496
3634348
7822460
6361792
6534474
7397503
9683632
3620746
8944955
9637730
3445394
6219109
3458973
6318165
9235115
2665410
6436479
2473003
5368981
9514883
55859
6025478
356453
1351725
221166
426141
8935528
974263
5213036
7195626
7704820
834532
3346325
8043632
9712675
2397150
7957486
1912658
8534247
6902440
1550387
1979641
3121548
7525711
8297805
4873015
191120
7250636
7346017
5560101
9281870
7401875
4101930
9638323
1269951
6839447
64463
205478
7813710
5277498
9917455
8034881
8628381
3263780
8594864
8341055
8177281
6552350
2770064
6711528
3454789
4320450
1207520
9092689
4362512
2021676
6482055
4553632
9272311
3828071
2630084
8554181
3746297
6732013
708855
5016247
6087812
773317
7738076
3901521
8567166
7655531
1936401
9711899
3435662
3047617
8052953
1612942
9599966
823017
840821
5571106
7659818
2048340
7180146
2022330
4070016
3662200
9092313
5858678
6622
1722396
6929210
3752918
970760
7638064
1285516
7058571
927732
9023592
3476443
9494898
6679122
7929196
9206796
2631135
976812
9776100
4244076
576777
3115468
5084897
6147882
3291638
9649588
3328028
7830319
3719603
6990227
6922631
2094633
9513201
1161378
9023842
3266118
2132137
6661906
7067986
1707060
105989
6091577
5183502
2117238
5287050
3112697
3840385
434536
4089508
3616485
4678611
7182636
9248304
2279859
3330518
5056293
1929447
9174897
2886611
8165401
8681475
2325593
2776385
8194675
3486970
1800227
3977145
8135459
978484
1045130
2358870
1084472
9653058
7542371
3201710
7456459
3171420
7042094
7890994
9777279
3174930
5085956
9476267
4939586
7365815
2806784
9995878
1811613
4498032
2882489
2493365
3179506
7724433
5269750
3890533
1211403
9586328
384029
1863213
3081163
3945510
4222082
4165634
3598567
4280804
9883695
3571377
9968575
9442141
3978722
2262206
5133422
9064677
1738472
73007
8946843
7061607
68885
3274807
1559638
5467725
5768172
7255495
3192157
3554273
3662379
6919911
5656952
4046407
1299475
8738114
7991916
5521556
5420099
4106834
2318712
5303794
7678210
4803638
7262286
1656931
7065843
2395707
3237960
1320666
4985066
2184802
8382272
5053950
5459609
2458261
3038026
3744132
2230108
8746534
9814756
5892486
5666445
5471707
9938893
6965919
6726172
447160
5003827
2146270
4553994
9838890
7450063
4748555
4642527
7228700
6405486
4224722
9624407
2159797
5545387
4609472
4344598
6444011
2179773
2320558
1418623
7734150
8581041
3648730
6480683
912148
9541216
2147127
8900206
1996460
1629398
5626377
2443619
6633224
7772647
9513964
8988465
7739061
4262519
3630991
4967761
3184356
372064
7108519
5344152
8433803
1717990
2205101
7394165
6414114
7042011
8812787
4148263
5623051
2461517
628945
9051551
4519084
5292424
7951756
9031895
6921821
3578133
3991865
6071396
1350779
3505829
5059860
1606191
284699
1207202
6573951
3469054
1579266
3682469
8813205
2529420
7916810
3534657
9923584
4330923
576667
8736370
995537
8716070
3714238
1624482
7767620
749673
9433257
5719375
9781567
6355077
1813859
3773432
4942824
5680989
9795612
2683
7287180
80310
1209884
3861130
3549363
5305501
59951
4878919
351272
7976760
8413575
274855
4824035
1506594
1527577
5819571
222663
5241814
9960404
7990282
5991487
9393660
6226008
8289405
5748736
556219
4579188
691559
6237207
4374799
3210593
3524386
4455108
6936829
9901868
520822
4758681
9961818
5399740
5109953
454929
6329667
5384807
5278963
7836260
6912383
1098534
575274
4670549
1058937
1081907
3178387
452597
7307914
1467791
8717684
380484
6046979
1925595
6617691
2938129
7652539
2658428
9909589
4589367
2560295
430410
9348048
5038464
8346502
4458000
5493393
7192520
2359158
772355
5028779
1787893
4387240
5604052
8974793
5446177
6685958
2153179
8415125
6510223
6137321
9649160
6890707
4700651
4091106
6024749
7638780
1743645
8683176
64720
8849363
3759823
495129
8197410
8798286
1357982
5171761
6808030
8550501
47271
7580385
3579279
1835163
4483976
1699682
809955
2446504
901991
5479485
861628
7412214
4133157
3027140
6819272
1350160
7118245
5360372
8988939
1378241
6559899
1570010
227604
319721
2065138
941365
1634359
3423120
6113126
958740
1973620
6160396
8539124
8069251
511910
5539452
2285284
3838216
7985955
3187275
1834052
1363935
3115840
5967208
4391074
2451463
7317367
4025670
7811834
8822657
5403911
4371732
392666
8147866
7207805
4974156
9089230
8842163
913627
7718707
9800902
2887246
6395454
856378
3472848
6907363
8912181
5758132
3261930
6898135
8945406
5095981
8262069
4577597
3579541
2653142
7029059
3413259
9195164
4840892
2235916
4599074
1728975
5144933
2746939
8936779
2635440
4352520
295293
3549066
2071227
2612547
8952664
8466680
5985276
