0
1
1
329075
3710949
1613403
3775343
2919167
1091728
4636357
1698352
2366396
2652810
4922319
4422787
726432
2144357
2050124
53272
1265909
2269677
4254603
2643656
910781
58606
4704855
1944491
126616
3255825
982636
1739611
2491840
2521582
4669045
2820915
2490707
1282449
1596259
409875
3632353
1232615
3366403
2256925
143603
3288722
1679712
870035
1691256
3729836
2181483
2957165
2257689
2694262
600821
3168471
4011044
1563854
1371138
4137660
4819679
2353774
2135448
2311519
1133532
1804493
1390612
4882415
3086941
2986871
1550467
2977471
477663
4916870
234395
621267
3205591
1914107
1491301
1155023
1902119
3672785
4112191
4159810
2625223
971189
3586457
1636267
2535044
4957595
773928
3612899
3569545
2909376
924417
961253
972045
2315029
843669
317163
1560078
2394136
3294636
2037741
3569182
3529033
2659010
3032949
1701317
408487
4187975
3603437
339450
3300166
4021423
2964673
4271356
3866057
4600941
3064576
3823651
1633045
1677475
3651373
800597
3860069
4612625
1772643
2433276
1714471
2089807
3993353
366783
384444
1031097
3935966
171653
3690107
1968915
1872969
356772
1156892
1734585
696221
715234
756009
3660896
4986590
880243
4520013
4309342
4703895
1153059
986817
4613445
1953655
4846887
4226072
4984476
2280163
940543
2074283
1273518
1307327
3716903
3562791
1501469
3888555
3511073
3470386
761527
3867847
885454
2496111
4564069
1600687
4510297
4483141
2845453
390541
4003155
2154797
1352613
1414389
3141613
966057
3368047
4246677
1450305
3352523
2785017
2390849
1684983
4058535
4956354
1660063
3879501
1457823
548619
2390577
1186385
2568323
1258424
2071840
1322612
2080669
4930703
2091085
1563811
2776159
2481628
1825143
1189132
92417
3239533
4330745
1058475
2865757
4835599
2508783
2476455
2620617
1157809
4161440
2937329
1114163
2079679
1816831
3830163
3886473
4207407
1274725
1454798
1724009
3346565
4035586
3804677
4535445
1126671
1626666
2311603
4866475
4709985
3500737
4958893
2949519
4089659
1017371
815276
3925260
4784330
4549909
2804054
2200316
3711349
741383
3314479
791028
2558213
3402819
935677
1765623
4677544
2390475
4747808
4282285
2684237
3552487
3817729
3810911
1437329
2387511
3677388
1147313
888248
4894457
355009
1236084
2170005
2428461
1419520
1954335
1978369
4223574
4154651
1947895
4964957
3727307
3997099
2523171
3388301
4932777
546971
4324021
3581431
1552955
3606307
1265670
1363618
3682214
1334757
2800947
1069725
12145
206438
3216149
4906603
561447
4452233
3334785
4248085
871753
289121
2484632
1353504
701947
4432527
1318461
687432
4687803
99809
4075733
4620582
1904956
4657933
3202013
3457911
3264239
725859
4821529
1946453
2060615
3880653
4274356
3330937
4087091
2490505
4495717
906713
3200915
2830501
1412975
4072667
4377799
3897607
1684347
79747
3330135
3002810
2025355
3017939
4360795
2359267
3896697
1265751
2017199
3356886
981838
1539617
340921
803367
4744248
2401538
4684019
4018604
732475
29287
2767285
228193
936002
968199
4316872
2348978
1299045
3694671
2504761
2983394
32596
834897
986204
3316129
111012
1605175
675395
265885
2870926
2692597
4880947
3852763
490389
221869
914308
234639
2623407
1856505
4253243
4614057
1885791
2020529
1100428
4079971
4246905
417300
2687125
545951
370147
191885
3529345
402744
2284960
773725
3718873
3654148
2378901
652445
178209
1508003
4603217
59157
1618943
93609
281026
2533252
328247
4162609
647933
839667
34843
3791901
4118371
1135271
4130047
3365277
2810747
1817173
3911229
3180895
3267235
3698751
4841815
1810371
4472477
4818863
1722695
3109554
1729486
3159082
4617557
1332703
3218239
1236501
2684490
4757441
27929
3012737
178226
675862
110581
213070
4467763
487131
2606517
3597811
3852409
417265
1673162
4021815
4856337
1198573
3978741
956327
4267123
3451219
775193
989820
1560773
3762855
4148902
2436507
95559
3625317
3673008
2780050
4640933
3700937
2050963
4819161
634975
3419723
32231
102737
3906853
2638747
4958727
4017440
4314190
1631889
4297431
4170527
4088640
3276173
1385031
3355763
1727394
2160223
603759
4546344
2181255
1010837
3241027
2276815
4636155
1914035
1315041
4277090
1873148
3366006
354427
2508123
3043905
386658
3869037
1950760
4283581
3827765
968200
4855949
1717829
1523808
4026476
806469
4799981
411508
420410
2785551
3829907
1024169
3590071
1011163
2035007
1831099
4546156
2929337
3309
861197
3464603
1876457
485379
3819031
642757
3529285
463865
4511795
1738221
4747447
3339559
3964597
4603397
1315567
488405
4888049
2122037
288388
1557733
2542448
3073939
1645817
4824793
1664013
3915159
1859801
3495113
3461315
1047316
4756600
580687
4511919
1633057
1066068
3330951
3533991
853529
52994
3045788
2591749
1058617
2643523
1556348
1920192
217267
2044753
1808242
2339305
3591317
4624151
1139929
1665257
2528146
964723
4587448
1443305
4082700
4340737
1162796
1388192
4097337
1743483
900113
1988572
4067729
489241
522563
1179433
542235
4826527
3771185
1600853
3728229
1585709
3521045
3945495
4888639
1587463
2542977
4738133
2469791
3682907
1403391
4997937
905806
2249015
1441244
1246682
1589751
3862216
2634873
1945266
605701
4793163
192014
931606
1540581
1972753
2111039
2082815
1799283
2140401
4941847
1785688
4984287
4721070
1989359
1131101
2566709
4532338
869235
36503
4473421
3530803
34442
1637403
779817
2733862
2884085
3627747
1596078
1777136
1831189
3459955
2828475
2023203
649737
4369055
3995957
2760777
2710049
2053415
1159355
2651895
3839103
2401817
3631141
828465
3532921
1197853
1618979
660331
2492531
1092399
4191135
2526973
2729804
1229130
1519011
1872065
1115053
4373265
4907377
2946241
2833222
2735853
4969446
3482959
3363085
223579
2501913
1073133
2276995
4919443
3725031
2374277
2321263
3614349
3202741
2112359
4812203
1079898
2772693
2304735
2172297
3222005
1089886
1160277
709311
3867073
4290520
1824363
3240341
456073
4770607
1073563
4450101
998229
814697
2813188
1221809
3316611
3886323
4756981
4494232
3869530
2131259
1815495
2483880
1592177
186031
3554259
2672075
4216901
858993
1102550
3697082
3207055
3521005
4406393
2074131
2811525
1230758
314472
4525775
2259541
2646211
3975877
4515947
3460910
1789066
1995932
3035697
675389
1752914
2529929
803095
142349
603599
3286975
1734525
789631
1841234
4406602
1264709
3958403
1767328
4961791
2165461
288333
4368183
497768
4358033
1857117
812239
3883809
374836
4716628
2859687
4890783
3177538
906929
1886715
2471411
2840494
4897805
1341
3643589
40153
604941
1930563
1774681
2652750
29975
2439459
175635
3988379
4206787
137427
2412017
753295
763788
2909785
111331
2620905
4980201
3995139
2995743
4696829
3113003
4144702
2874367
278109
2289593
345779
3118603
2187399
1605296
1762191
2227553
3468414
4950933
260409
2379340
4980907
2699869
2554976
227464
3164833
2692403
2639481
3918129
3456191
549265
287635
2335274
529468
540953
1589193
226298
3653955
733895
4358841
190241
3023489
962797
3308845
1469064
3826269
1329213
4954794
2294683
1280147
215203
4674023
2519231
4173249
2228999
2746696
3596259
1179577
386177
2514389
893946
2193619
2802025
4487396
2723088
3342977
1076589
4207562
3255111
3068660
4824579
3445353
2350325
2045551
3012374
3819389
871822
4341587
32359
4424681
1879911
247564
4098703
4399141
678989
2585880
3404013
4275250
23635
3790192
1789639
917581
2241987
849839
404977
1223251
450995
2739742
430813
3706105
2066578
1513569
3409635
675079
3559122
2680185
4494469
689120
3279949
785003
113801
159860
1032567
470682
817179
1711559
3056561
479369
986809
3080197
4269561
4034625
255953
2769725
1142641
1919107
3992977
1593637
917025
681967
1557919
2983603
2195535
1225731
3658683
2012833
3905915
4411328
2701955
2185865
196331
4073931
3603902
2487077
4544613
4421081
456813
3859353
4900449
1443621
3197725
428187
1736423
3453681
4456090
2879065
1630963
3449067
4472701
2547990
4131034
2288798
1789770
1326569
3514529
1706629
4597581
2420445
1117957
2299535
864487
2572466
1373469
4468389
1317719
2176259
147646
1774531
1035613
1306273
4476331
4233339
2992637
