1
2
3
4
5
6
7
8
9
10
11
12
13
14
15
16
17
18
19
20
21
22
23
24
25
26
27
28
29
30
31
32
33
34
35
36
37
38
39
40
41
42
43
44
45
46
47
48
49
50
51
52
53
54
55
56
57
58
59
60
61
62
63
64
65
66
67
68
69
70
71
72
73
74
75
76
77
78
79
80
81
82
83
84
85
86
87
88
89
90
91
92
93
94
95
96
97
98
99
100
2
4
4
4
4
4
4
4
4
4
4
4
4
4
4
4
4
4
4
4
4
4
4
4
4
4
4
4
4
4
4
4
4
4
4
4
4
4
4
4
4
4
4
4
4
4
4
4
4
4
4
4
4
4
4
4
4
4
4
4
4
4
4
4
4
4
4
4
4
4
4
4
4
4
4
4
4
4
4
4
4
4
4
4
4
4
4
4
4
4
4
4
4
4
4
4
4
4
4
4
3
6
9
10
15
14
21
18
27
22
33
26
39
30
45
34
51
38
57
42
63
46
69
50
75
54
81
58
87
62
93
66
99
70
105
74
111
78
117
82
123
86
129
90
135
94
141
98
147
102
153
106
159
110
165
114
171
118
177
122
183
126
189
130
195
134
201
138
207
142
213
146
219
150
225
154
231
158
237
162
243
166
249
170
255
174
261
178
267
182
273
186
279
190
285
194
291
198
297
202
4
8
8
8
8
8
8
8
8
8
8
8
8
8
8
8
8
8
8
8
8
8
8
8
8
8
8
8
8
8
8
8
8
8
8
8
8
8
8
8
8
8
8
8
8
8
8
8
8
8
8
8
8
8
8
8
8
8
8
8
8
8
8
8
8
8
8
8
8
8
8
8
8
8
8
8
8
8
8
8
8
8
8
8
8
8
8
8
8
8
8
8
8
8
8
8
8
8
8
8
5
10
15
14
25
18
35
22
45
26
55
30
65
34
75
38
85
42
95
46
105
50
115
54
125
58
135
62
145
66
155
70
165
74
175
78
185
82
195
86
205
90
215
94
225
98
235
102
245
106
255
110
265
114
275
118
285
122
295
126
305
130
315
134
325
138
335
142
345
146
355
150
365
154
375
158
385
162
395
166
405
170
415
174
425
178
435
182
445
186
455
190
465
194
475
198
485
202
495
206
6
12
12
12
12
12
12
12
12
12
12
12
12
12
12
12
12
12
12
12
12
12
12
12
12
12
12
12
12
12
12
12
12
12
12
12
12
12
12
12
12
12
12
12
12
12
12
12
12
12
12
12
12
12
12
12
12
12
12
12
12
12
12
12
12
12
12
12
12
12
12
12
12
12
12
12
12
12
12
12
12
12
12
12
12
12
12
12
12
12
12
12
12
12
12
12
12
12
12
12
7
14
21
18
35
22
49
26
63
30
77
34
91
38
105
42
119
46
133
50
147
54
161
58
175
62
189
66
203
70
217
74
231
78
245
82
259
86
273
90
287
94
301
98
315
102
329
106
343
110
357
114
371
118
385
122
399
126
413
130
427
134
441
138
455
142
469
146
483
150
497
154
511
158
525
162
539
166
553
170
567
174
581
178
595
182
609
186
623
190
637
194
651
198
665
202
679
206
693
210
8
16
16
16
16
16
16
16
16
16
16
16
16
16
16
16
16
16
16
16
16
16
16
16
16
16
16
16
16
16
16
16
16
16
16
16
16
16
16
16
16
16
16
16
16
16
16
16
16
16
16
16
16
16
16
16
16
16
16
16
16
16
16
16
16
16
16
16
16
16
16
16
16
16
16
16
16
16
16
16
16
16
16
16
16
16
16
16
16
16
16
16
16
16
16
16
16
16
16
16
9
18
27
22
45
26
63
30
81
34
99
38
117
42
135
46
153
50
171
54
189
58
207
62
225
66
243
70
261
74
279
78
297
82
315
86
333
90
351
94
369
98
387
102
405
106
423
110
441
114
459
118
477
122
495
126
513
130
531
134
549
138
567
142
585
146
603
150
621
154
639
158
657
162
675
166
693
170
711
174
729
178
747
182
765
186
783
190
801
194
819
198
837
202
855
206
873
210
891
214
10
20
20
20
20
20
20
20
20
20
20
20
20
20
20
20
20
20
20
20
20
20
20
20
20
20
20
20
20
20
20
20
20
20
20
20
20
20
20
20
20
20
20
20
20
20
20
20
20
20
20
20
20
20
20
20
20
20
20
20
20
20
20
20
20
20
20
20
20
20
20
20
20
20
20
20
20
20
20
20
20
20
20
20
20
20
20
20
20
20
20
20
20
20
20
20
20
20
20
20
11
22
33
26
55
30
77
34
99
38
121
42
143
46
165
50
187
54
209
58
231
62
253
66
275
70
297
74
319
78
341
82
363
86
385
90
407
94
429
98
451
102
473
106
495
110
517
114
539
118
561
122
583
126
605
130
627
134
649
138
671
142
693
146
715
150
737
154
759
158
781
162
803
166
825
170
847
174
869
178
891
182
913
186
935
190
957
194
979
198
1001
202
1023
206
1045
210
1067
214
1089
218
12
24
24
24
24
24
24
24
24
24
24
24
24
24
24
24
24
24
24
24
24
24
24
24
24
24
24
24
24
24
24
24
24
24
24
24
24
24
24
24
24
24
24
24
24
24
24
24
24
24
24
24
24
24
24
24
24
24
24
24
24
24
24
24
24
24
24
24
24
24
24
24
24
24
24
24
24
24
24
24
24
24
24
24
24
24
24
24
24
24
24
24
24
24
24
24
24
24
24
24
13
26
39
30
65
34
91
38
117
42
143
46
169
50
195
54
221
58
247
62
273
66
299
70
325
74
351
78
377
82
403
86
429
90
455
94
481
98
507
102
533
106
559
110
585
114
611
118
637
122
663
126
689
130
715
134
741
138
767
142
793
146
819
150
845
154
871
158
897
162
923
166
949
170
975
174
1001
178
1027
182
1053
186
1079
190
1105
194
1131
198
1157
202
1183
206
1209
210
1235
214
1261
218
1287
222
14
28
28
28
28
28
28
28
28
28
28
28
28
28
28
28
28
28
28
28
28
28
28
28
28
28
28
28
28
28
28
28
28
28
28
28
28
28
28
28
28
28
28
28
28
28
28
28
28
28
28
28
28
28
28
28
28
28
28
28
28
28
28
28
28
28
28
28
28
28
28
28
28
28
28
28
28
28
28
28
28
28
28
28
28
28
28
28
28
28
28
28
28
28
28
28
28
28
28
28
15
30
45
34
75
38
105
42
135
46
165
50
195
54
225
58
255
62
285
66
315
70
345
74
375
78
405
82
435
86
465
90
495
94
525
98
555
102
585
106
615
110
645
114
675
118
705
122
735
126
765
130
795
134
825
138
855
142
885
146
915
150
945
154
975
158
1005
162
1035
166
1065
170
1095
174
1125
178
1155
182
1185
186
1215
190
1245
194
1275
198
1305
202
1335
206
1365
210
1395
214
1425
218
1455
222
1485
226
16
32
32
32
32
32
32
32
32
32
32
32
32
32
32
32
32
32
32
32
32
32
32
32
32
32
32
32
32
32
32
32
32
32
32
32
32
32
32
32
32
32
32
32
32
32
32
32
32
32
32
32
32
32
32
32
32
32
32
32
32
32
32
32
32
32
32
32
32
32
32
32
32
32
32
32
32
32
32
32
32
32
32
32
32
32
32
32
32
32
32
32
32
32
32
32
32
32
32
32
17
34
51
38
85
42
119
46
153
50
187
54
221
58
255
62
289
66
323
70
357
74
391
78
425
82
459
86
493
90
527
94
561
98
595
102
629
106
663
110
697
114
731
118
765
122
799
126
833
130
867
134
901
138
935
142
969
146
1003
150
1037
154
1071
158
1105
162
1139
166
1173
170
1207
174
1241
178
1275
182
1309
186
1343
190
1377
194
1411
198
1445
202
1479
206
1513
210
1547
214
1581
218
1615
222
1649
226
1683
230
18
36
36
36
36
36
36
36
36
36
36
36
36
36
36
36
36
36
36
36
36
36
36
36
36
36
36
36
36
36
36
36
36
36
36
36
36
36
36
36
36
36
36
36
36
36
36
36
36
36
36
36
36
36
36
36
36
36
36
36
36
36
36
36
36
36
36
36
36
36
36
36
36
36
36
36
36
36
36
36
36
36
36
36
36
36
36
36
36
36
36
36
36
36
36
36
36
36
36
36
19
38
57
42
95
46
133
50
171
54
209
58
247
62
285
66
323
70
361
74
399
78
437
82
475
86
513
90
551
94
589
98
627
102
665
106
703
110
741
114
779
118
817
122
855
126
893
130
931
134
969
138
1007
142
1045
146
1083
150
1121
154
1159
158
1197
162
1235
166
1273
170
1311
174
1349
178
1387
182
1425
186
1463
190
1501
194
1539
198
1577
202
1615
206
1653
210
1691
214
1729
218
1767
222
1805
226
1843
230
1881
234
20
40
40
40
40
40
40
40
40
40
40
40
40
40
40
40
40
40
40
40
40
40
40
40
40
40
40
40
40
40
40
40
40
40
40
40
40
40
40
40
40
40
40
40
40
40
40
40
40
40
40
40
40
40
40
40
40
40
40
40
40
40
40
40
40
40
40
40
40
40
40
40
40
40
40
40
40
40
40
40
40
40
40
40
40
40
40
40
40
40
40
40
40
40
40
40
40
40
40
40
21
42
63
46
105
50
147
54
189
58
231
62
273
66
315
70
357
74
399
78
441
82
483
86
525
90
567
94
609
98
651
102
693
106
735
110
777
114
819
118
861
122
903
126
945
130
987
134
1029
138
1071
142
1113
146
1155
150
1197
154
1239
158
1281
162
1323
166
1365
170
1407
174
1449
178
1491
182
1533
186
1575
190
1617
194
1659
198
1701
202
1743
206
1785
210
1827
214
1869
218
1911
222
1953
226
1995
230
2037
234
2079
238
22
44
44
44
44
44
44
44
44
44
44
44
44
44
44
44
44
44
44
44
44
44
44
44
44
44
44
44
44
44
44
44
44
44
44
44
44
44
44
44
44
44
44
44
44
44
44
44
44
44
44
44
44
44
44
44
44
44
44
44
44
44
44
44
44
44
44
44
44
44
44
44
44
44
44
44
44
44
44
44
44
44
44
44
44
44
44
44
44
44
44
44
44
44
44
44
44
44
44
44
23
46
69
50
115
54
161
58
207
62
253
66
299
70
345
74
391
78
437
82
483
86
529
90
575
94
621
98
667
102
713
106
759
110
805
114
851
118
897
122
943
126
989
130
1035
134
1081
138
1127
142
1173
146
1219
150
1265
154
1311
158
1357
162
1403
166
1449
170
1495
174
1541
178
1587
182
1633
186
1679
190
1725
194
1771
198
1817
202
1863
206
1909
210
1955
214
2001
218
2047
222
2093
226
2139
230
2185
234
2231
238
2277
242
24
48
48
48
48
48
48
48
48
48
48
48
48
48
48
48
48
48
48
48
48
48
48
48
48
48
48
48
48
48
48
48
48
48
48
48
48
48
48
48
48
48
48
48
48
48
48
48
48
48
48
48
48
48
48
48
48
48
48
48
48
48
48
48
48
48
48
48
48
48
48
48
48
48
48
48
48
48
48
48
48
48
48
48
48
48
48
48
48
48
48
48
48
48
48
48
48
48
48
48
25
50
75
54
125
58
175
62
225
66
275
70
325
74
375
78
425
82
475
86
525
90
575
94
625
98
675
102
725
106
775
110
825
114
875
118
925
122
975
126
1025
130
1075
134
1125
138
1175
142
1225
146
1275
150
1325
154
1375
158
1425
162
1475
166
1525
170
1575
174
1625
178
1675
182
1725
186
1775
190
1825
194
1875
198
1925
202
1975
206
2025
210
2075
214
2125
218
2175
222
2225
226
2275
230
2325
234
2375
238
2425
242
2475
246
26
52
52
52
52
52
52
52
52
52
52
52
52
52
52
52
52
52
52
52
52
52
52
52
52
52
52
52
52
52
52
52
52
52
52
52
52
52
52
52
52
52
52
52
52
52
52
52
52
52
52
52
52
52
52
52
52
52
52
52
52
52
52
52
52
52
52
52
52
52
52
52
52
52
52
52
52
52
52
52
52
52
52
52
52
52
52
52
52
52
52
52
52
52
52
52
52
52
52
52
27
54
81
58
135
62
189
66
243
70
297
74
351
78
405
82
459
86
513
90
567
94
621
98
675
102
729
106
783
110
837
114
891
118
945
122
999
126
1053
130
1107
134
1161
138
1215
142
1269
146
1323
150
1377
154
1431
158
1485
162
1539
166
1593
170
1647
174
1701
178
1755
182
1809
186
1863
190
1917
194
1971
198
2025
202
2079
206
2133
210
2187
214
2241
218
2295
222
2349
226
2403
230
2457
234
2511
238
2565
242
2619
246
2673
250
28
56
56
56
56
56
56
56
56
56
56
56
56
56
56
56
56
56
56
56
56
56
56
56
56
56
56
56
56
56
56
56
56
56
56
56
56
56
56
56
56
56
56
56
56
56
56
56
56
56
56
56
56
56
56
56
56
56
56
56
56
56
56
56
56
56
56
56
56
56
56
56
56
56
56
56
56
56
56
56
56
56
56
56
56
56
56
56
56
56
56
56
56
56
56
56
56
56
56
56
29
58
87
62
145
66
203
70
261
74
319
78
377
82
435
86
493
90
551
94
609
98
667
102
725
106
783
110
841
114
899
118
957
122
1015
126
1073
130
1131
134
1189
138
1247
142
1305
146
1363
150
1421
154
1479
158
1537
162
1595
166
1653
170
1711
174
1769
178
1827
182
1885
186
1943
190
2001
194
2059
198
2117
202
2175
206
2233
210
2291
214
2349
218
2407
222
2465
226
2523
230
2581
234
2639
238
2697
242
2755
246
2813
250
2871
254
30
60
60
60
60
60
60
60
60
60
60
60
60
60
60
60
60
60
60
60
60
60
60
60
60
60
60
60
60
60
60
60
60
60
60
60
60
60
60
60
60
60
60
60
60
60
60
60
60
60
60
60
60
60
60
60
60
60
60
60
60
60
60
60
60
60
60
60
60
60
60
60
60
60
60
60
60
60
60
60
60
60
60
60
60
60
60
60
60
60
60
60
60
60
60
60
60
60
60
60
31
62
93
66
155
70
217
74
279
78
341
82
403
86
465
90
527
94
589
98
651
102
713
106
775
110
837
114
899
118
961
122
1023
126
1085
130
1147
134
1209
138
1271
142
1333
146
1395
150
1457
154
1519
158
1581
162
1643
166
1705
170
1767
174
1829
178
1891
182
1953
186
2015
190
2077
194
2139
198
2201
202
2263
206
2325
210
2387
214
2449
218
2511
222
2573
226
2635
230
2697
234
2759
238
2821
242
2883
246
2945
250
3007
254
3069
258
32
64
64
64
64
64
64
64
64
64
64
64
64
64
64
64
64
64
64
64
64
64
64
64
64
64
64
64
64
64
64
64
64
64
64
64
64
64
64
64
64
64
64
64
64
64
64
64
64
64
64
64
64
64
64
64
64
64
64
64
64
64
64
64
64
64
64
64
64
64
64
64
64
64
64
64
64
64
64
64
64
64
64
64
64
64
64
64
64
64
64
64
64
64
64
64
64
64
64
64
33
66
99
70
165
74
231
78
297
82
363
86
429
90
495
94
561
98
627
102
693
106
759
110
825
114
891
118
957
122
1023
126
1089
130
1155
134
1221
138
1287
142
1353
146
1419
150
1485
154
1551
158
1617
162
1683
166
1749
170
1815
174
1881
178
1947
182
2013
186
2079
190
2145
194
2211
198
2277
202
2343
206
2409
210
2475
214
2541
218
2607
222
2673
226
2739
230
2805
234
2871
238
2937
242
3003
246
3069
250
3135
254
3201
258
3267
262
34
68
68
68
68
68
68
68
68
68
68
68
68
68
68
68
68
68
68
68
68
68
68
68
68
68
68
68
68
68
68
68
68
68
68
68
68
68
68
68
68
68
68
68
68
68
68
68
68
68
68
68
68
68
68
68
68
68
68
68
68
68
68
68
68
68
68
68
68
68
68
68
68
68
68
68
68
68
68
68
68
68
68
68
68
68
68
68
68
68
68
68
68
68
68
68
68
68
68
68
35
70
105
74
175
78
245
82
315
86
385
90
455
94
525
98
595
102
665
106
735
110
805
114
875
118
945
122
1015
126
1085
130
1155
134
1225
138
1295
142
1365
146
1435
150
1505
154
1575
158
1645
162
1715
166
1785
170
1855
174
1925
178
1995
182
2065
186
2135
190
2205
194
2275
198
2345
202
2415
206
2485
210
2555
214
2625
218
2695
222
2765
226
2835
230
2905
234
2975
238
3045
242
3115
246
3185
250
3255
254
3325
258
3395
262
3465
266
36
72
72
72
72
72
72
72
72
72
72
72
72
72
72
72
72
72
72
72
72
72
72
72
72
72
72
72
72
72
72
72
72
72
72
72
72
72
72
72
72
72
72
72
72
72
72
72
72
72
72
72
72
72
72
72
72
72
72
72
72
72
72
72
72
72
72
72
72
72
72
72
72
72
72
72
72
72
72
72
72
72
72
72
72
72
72
72
72
72
72
72
72
72
72
72
72
72
72
72
37
74
111
78
185
82
259
86
333
90
407
94
481
98
555
102
629
106
703
110
777
114
851
118
925
122
999
126
1073
130
1147
134
1221
138
1295
142
1369
146
1443
150
1517
154
1591
158
1665
162
1739
166
1813
170
1887
174
1961
178
2035
182
2109
186
2183
190
2257
194
2331
198
2405
202
2479
206
2553
210
2627
214
2701
218
2775
222
2849
226
2923
230
2997
234
3071
238
3145
242
3219
246
3293
250
3367
254
3441
258
3515
262
3589
266
3663
270
38
76
76
76
76
76
76
76
76
76
76
76
76
76
76
76
76
76
76
76
76
76
76
76
76
76
76
76
76
76
76
76
76
76
76
76
76
76
76
76
76
76
76
76
76
76
76
76
76
76
76
76
76
76
76
76
76
76
76
76
76
76
76
76
76
76
76
76
76
76
76
76
76
76
76
76
76
76
76
76
76
76
76
76
76
76
76
76
76
76
76
76
76
76
76
76
76
76
76
76
39
78
117
82
195
86
273
90
351
94
429
98
507
102
585
106
663
110
741
114
819
118
897
122
975
126
1053
130
1131
134
1209
138
1287
142
1365
146
1443
150
1521
154
1599
158
1677
162
1755
166
1833
170
1911
174
1989
178
2067
182
2145
186
2223
190
2301
194
2379
198
2457
202
2535
206
2613
210
2691
214
2769
218
2847
222
2925
226
3003
230
3081
234
3159
238
3237
242
3315
246
3393
250
3471
254
3549
258
3627
262
3705
266
3783
270
3861
274
40
80
80
80
80
80
80
80
80
80
80
80
80
80
80
80
80
80
80
80
80
80
80
80
80
80
80
80
80
80
80
80
80
80
80
80
80
80
80
80
80
80
80
80
80
80
80
80
80
80
80
80
80
80
80
80
80
80
80
80
80
80
80
80
80
80
80
80
80
80
80
80
80
80
80
80
80
80
80
80
80
80
80
80
80
80
80
80
80
80
80
80
80
80
80
80
80
80
80
80
41
82
123
86
205
90
287
94
369
98
451
102
533
106
615
110
697
114
779
118
861
122
943
126
1025
130
1107
134
1189
138
1271
142
1353
146
1435
150
1517
154
1599
158
1681
162
1763
166
1845
170
1927
174
2009
178
2091
182
2173
186
2255
190
2337
194
2419
198
2501
202
2583
206
2665
210
2747
214
2829
218
2911
222
2993
226
3075
230
3157
234
3239
238
3321
242
3403
246
3485
250
3567
254
3649
258
3731
262
3813
266
3895
270
3977
274
4059
278
42
84
84
84
84
84
84
84
84
84
84
84
84
84
84
84
84
84
84
84
84
84
84
84
84
84
84
84
84
84
84
84
84
84
84
84
84
84
84
84
84
84
84
84
84
84
84
84
84
84
84
84
84
84
84
84
84
84
84
84
84
84
84
84
84
84
84
84
84
84
84
84
84
84
84
84
84
84
84
84
84
84
84
84
84
84
84
84
84
84
84
84
84
84
84
84
84
84
84
84
43
86
129
90
215
94
301
98
387
102
473
106
559
110
645
114
731
118
817
122
903
126
989
130
1075
134
1161
138
1247
142
1333
146
1419
150
1505
154
1591
158
1677
162
1763
166
1849
170
1935
174
2021
178
2107
182
2193
186
2279
190
2365
194
2451
198
2537
202
2623
206
2709
210
2795
214
2881
218
2967
222
3053
226
3139
230
3225
234
3311
238
3397
242
3483
246
3569
250
3655
254
3741
258
3827
262
3913
266
3999
270
4085
274
4171
278
4257
282
44
88
88
88
88
88
88
88
88
88
88
88
88
88
88
88
88
88
88
88
88
88
88
88
88
88
88
88
88
88
88
88
88
88
88
88
88
88
88
88
88
88
88
88
88
88
88
88
88
88
88
88
88
88
88
88
88
88
88
88
88
88
88
88
88
88
88
88
88
88
88
88
88
88
88
88
88
88
88
88
88
88
88
88
88
88
88
88
88
88
88
88
88
88
88
88
88
88
88
88
45
90
135
94
225
98
315
102
405
106
495
110
585
114
675
118
765
122
855
126
945
130
1035
134
1125
138
1215
142
1305
146
1395
150
1485
154
1575
158
1665
162
1755
166
1845
170
1935
174
2025
178
2115
182
2205
186
2295
190
2385
194
2475
198
2565
202
2655
206
2745
210
2835
214
2925
218
3015
222
3105
226
3195
230
3285
234
3375
238
3465
242
3555
246
3645
250
3735
254
3825
258
3915
262
4005
266
4095
270
4185
274
4275
278
4365
282
4455
286
46
92
92
92
92
92
92
92
92
92
92
92
92
92
92
92
92
92
92
92
92
92
92
92
92
92
92
92
92
92
92
92
92
92
92
92
92
92
92
92
92
92
92
92
92
92
92
92
92
92
92
92
92
92
92
92
92
92
92
92
92
92
92
92
92
92
92
92
92
92
92
92
92
92
92
92
92
92
92
92
92
92
92
92
92
92
92
92
92
92
92
92
92
92
92
92
92
92
92
92
47
94
141
98
235
102
329
106
423
110
517
114
611
118
705
122
799
126
893
130
987
134
1081
138
1175
142
1269
146
1363
150
1457
154
1551
158
1645
162
1739
166
1833
170
1927
174
2021
178
2115
182
2209
186
2303
190
2397
194
2491
198
2585
202
2679
206
2773
210
2867
214
2961
218
3055
222
3149
226
3243
230
3337
234
3431
238
3525
242
3619
246
3713
250
3807
254
3901
258
3995
262
4089
266
4183
270
4277
274
4371
278
4465
282
4559
286
4653
290
48
96
96
96
96
96
96
96
96
96
96
96
96
96
96
96
96
96
96
96
96
96
96
96
96
96
96
96
96
96
96
96
96
96
96
96
96
96
96
96
96
96
96
96
96
96
96
96
96
96
96
96
96
96
96
96
96
96
96
96
96
96
96
96
96
96
96
96
96
96
96
96
96
96
96
96
96
96
96
96
96
96
96
96
96
96
96
96
96
96
96
96
96
96
96
96
96
96
96
96
49
98
147
102
245
106
343
110
441
114
539
118
637
122
735
126
833
130
931
134
1029
138
1127
142
1225
146
1323
150
1421
154
1519
158
1617
162
1715
166
1813
170
1911
174
2009
178
2107
182
2205
186
2303
190
2401
194
2499
198
2597
202
2695
206
2793
210
2891
214
2989
218
3087
222
3185
226
3283
230
3381
234
3479
238
3577
242
3675
246
3773
250
3871
254
3969
258
4067
262
4165
266
4263
270
4361
274
4459
278
4557
282
4655
286
4753
290
4851
294
50
100
100
100
100
100
100
100
100
100
100
100
100
100
100
100
100
100
100
100
100
100
100
100
100
100
100
100
100
100
100
100
100
100
100
100
100
100
100
100
100
100
100
100
100
100
100
100
100
100
100
100
100
100
100
100
100
100
100
100
100
100
100
100
100
100
100
100
100
100
100
100
100
100
100
100
100
100
100
100
100
100
100
100
100
100
100
100
100
100
100
100
100
100
100
100
100
100
100
100
51
102
153
106
255
110
357
114
459
118
561
122
663
126
765
130
867
134
969
138
1071
142
1173
146
1275
150
1377
154
1479
158
1581
162
1683
166
1785
170
1887
174
1989
178
2091
182
2193
186
2295
190
2397
194
2499
198
2601
202
2703
206
2805
210
2907
214
3009
218
3111
222
3213
226
3315
230
3417
234
3519
238
3621
242
3723
246
3825
250
3927
254
4029
258
4131
262
4233
266
4335
270
4437
274
4539
278
4641
282
4743
286
4845
290
4947
294
5049
298
52
104
104
104
104
104
104
104
104
104
104
104
104
104
104
104
104
104
104
104
104
104
104
104
104
104
104
104
104
104
104
104
104
104
104
104
104
104
104
104
104
104
104
104
104
104
104
104
104
104
104
104
104
104
104
104
104
104
104
104
104
104
104
104
104
104
104
104
104
104
104
104
104
104
104
104
104
104
104
104
104
104
104
104
104
104
104
104
104
104
104
104
104
104
104
104
104
104
104
104
53
106
159
110
265
114
371
118
477
122
583
126
689
130
795
134
901
138
1007
142
1113
146
1219
150
1325
154
1431
158
1537
162
1643
166
1749
170
1855
174
1961
178
2067
182
2173
186
2279
190
2385
194
2491
198
2597
202
2703
206
2809
210
2915
214
3021
218
3127
222
3233
226
3339
230
3445
234
3551
238
3657
242
3763
246
3869
250
3975
254
4081
258
4187
262
4293
266
4399
270
4505
274
4611
278
4717
282
4823
286
4929
290
5035
294
5141
298
5247
302
54
108
108
108
108
108
108
108
108
108
108
108
108
108
108
108
108
108
108
108
108
108
108
108
108
108
108
108
108
108
108
108
108
108
108
108
108
108
108
108
108
108
108
108
108
108
108
108
108
108
108
108
108
108
108
108
108
108
108
108
108
108
108
108
108
108
108
108
108
108
108
108
108
108
108
108
108
108
108
108
108
108
108
108
108
108
108
108
108
108
108
108
108
108
108
108
108
108
108
108
55
110
165
114
275
118
385
122
495
126
605
130
715
134
825
138
935
142
1045
146
1155
150
1265
154
1375
158
1485
162
1595
166
1705
170
1815
174
1925
178
2035
182
2145
186
2255
190
2365
194
2475
198
2585
202
2695
206
2805
210
2915
214
3025
218
3135
222
3245
226
3355
230
3465
234
3575
238
3685
242
3795
246
3905
250
4015
254
4125
258
4235
262
4345
266
4455
270
4565
274
4675
278
4785
282
4895
286
5005
290
5115
294
5225
298
5335
302
5445
306
56
112
112
112
112
112
112
112
112
112
112
112
112
112
112
112
112
112
112
112
112
112
112
112
112
112
112
112
112
112
112
112
112
112
112
112
112
112
112
112
112
112
112
112
112
112
112
112
112
112
112
112
112
112
112
112
112
112
112
112
112
112
112
112
112
112
112
112
112
112
112
112
112
112
112
112
112
112
112
112
112
112
112
112
112
112
112
112
112
112
112
112
112
112
112
112
112
112
112
112
57
114
171
118
285
122
399
126
513
130
627
134
741
138
855
142
969
146
1083
150
1197
154
1311
158
1425
162
1539
166
1653
170
1767
174
1881
178
1995
182
2109
186
2223
190
2337
194
2451
198
2565
202
2679
206
2793
210
2907
214
3021
218
3135
222
3249
226
3363
230
3477
234
3591
238
3705
242
3819
246
3933
250
4047
254
4161
258
4275
262
4389
266
4503
270
4617
274
4731
278
4845
282
4959
286
5073
290
5187
294
5301
298
5415
302
5529
306
5643
310
58
116
116
116
116
116
116
116
116
116
116
116
116
116
116
116
116
116
116
116
116
116
116
116
116
116
116
116
116
116
116
116
116
116
116
116
116
116
116
116
116
116
116
116
116
116
116
116
116
116
116
116
116
116
116
116
116
116
116
116
116
116
116
116
116
116
116
116
116
116
116
116
116
116
116
116
116
116
116
116
116
116
116
116
116
116
116
116
116
116
116
116
116
116
116
116
116
116
116
116
59
118
177
122
295
126
413
130
531
134
649
138
767
142
885
146
1003
150
1121
154
1239
158
1357
162
1475
166
1593
170
1711
174
1829
178
1947
182
2065
186
2183
190
2301
194
2419
198
2537
202
2655
206
2773
210
2891
214
3009
218
3127
222
3245
226
3363
230
3481
234
3599
238
3717
242
3835
246
3953
250
4071
254
4189
258
4307
262
4425
266
4543
270
4661
274
4779
278
4897
282
5015
286
5133
290
5251
294
5369
298
5487
302
5605
306
5723
310
5841
314
60
120
120
120
120
120
120
120
120
120
120
120
120
120
120
120
120
120
120
120
120
120
120
120
120
120
120
120
120
120
120
120
120
120
120
120
120
120
120
120
120
120
120
120
120
120
120
120
120
120
120
120
120
120
120
120
120
120
120
120
120
120
120
120
120
120
120
120
120
120
120
120
120
120
120
120
120
120
120
120
120
120
120
120
120
120
120
120
120
120
120
120
120
120
120
120
120
120
120
120
61
122
183
126
305
130
427
134
549
138
671
142
793
146
915
150
1037
154
1159
158
1281
162
1403
166
1525
170
1647
174
1769
178
1891
182
2013
186
2135
190
2257
194
2379
198
2501
202
2623
206
2745
210
2867
214
2989
218
3111
222
3233
226
3355
230
3477
234
3599
238
3721
242
3843
246
3965
250
4087
254
4209
258
4331
262
4453
266
4575
270
4697
274
4819
278
4941
282
5063
286
5185
290
5307
294
5429
298
5551
302
5673
306
5795
310
5917
314
6039
318
62
124
124
124
124
124
124
124
124
124
124
124
124
124
124
124
124
124
124
124
124
124
124
124
124
124
124
124
124
124
124
124
124
124
124
124
124
124
124
124
124
124
124
124
124
124
124
124
124
124
124
124
124
124
124
124
124
124
124
124
124
124
124
124
124
124
124
124
124
124
124
124
124
124
124
124
124
124
124
124
124
124
124
124
124
124
124
124
124
124
124
124
124
124
124
124
124
124
124
124
63
126
189
130
315
134
441
138
567
142
693
146
819
150
945
154
1071
158
1197
162
1323
166
1449
170
1575
174
1701
178
1827
182
1953
186
2079
190
2205
194
2331
198
2457
202
2583
206
2709
210
2835
214
2961
218
3087
222
3213
226
3339
230
3465
234
3591
238
3717
242
3843
246
3969
250
4095
254
4221
258
4347
262
4473
266
4599
270
4725
274
4851
278
4977
282
5103
286
5229
290
5355
294
5481
298
5607
302
5733
306
5859
310
5985
314
6111
318
6237
322
64
128
128
128
128
128
128
128
128
128
128
128
128
128
128
128
128
128
128
128
128
128
128
128
128
128
128
128
128
128
128
128
128
128
128
128
128
128
128
128
128
128
128
128
128
128
128
128
128
128
128
128
128
128
128
128
128
128
128
128
128
128
128
128
128
128
128
128
128
128
128
128
128
128
128
128
128
128
128
128
128
128
128
128
128
128
128
128
128
128
128
128
128
128
128
128
128
128
128
128
65
130
195
134
325
138
455
142
585
146
715
150
845
154
975
158
1105
162
1235
166
1365
170
1495
174
1625
178
1755
182
1885
186
2015
190
2145
194
2275
198
2405
202
2535
206
2665
210
2795
214
2925
218
3055
222
3185
226
3315
230
3445
234
3575
238
3705
242
3835
246
3965
250
4095
254
4225
258
4355
262
4485
266
4615
270
4745
274
4875
278
5005
282
5135
286
5265
290
5395
294
5525
298
5655
302
5785
306
5915
310
6045
314
6175
318
6305
322
6435
326
66
132
132
132
132
132
132
132
132
132
132
132
132
132
132
132
132
132
132
132
132
132
132
132
132
132
132
132
132
132
132
132
132
132
132
132
132
132
132
132
132
132
132
132
132
132
132
132
132
132
132
132
132
132
132
132
132
132
132
132
132
132
132
132
132
132
132
132
132
132
132
132
132
132
132
132
132
132
132
132
132
132
132
132
132
132
132
132
132
132
132
132
132
132
132
132
132
132
132
132
67
134
201
138
335
142
469
146
603
150
737
154
871
158
1005
162
1139
166
1273
170
1407
174
1541
178
1675
182
1809
186
1943
190
2077
194
2211
198
2345
202
2479
206
2613
210
2747
214
2881
218
3015
222
3149
226
3283
230
3417
234
3551
238
3685
242
3819
246
3953
250
4087
254
4221
258
4355
262
4489
266
4623
270
4757
274
4891
278
5025
282
5159
286
5293
290
5427
294
5561
298
5695
302
5829
306
5963
310
6097
314
6231
318
6365
322
6499
326
6633
330
68
136
136
136
136
136
136
136
136
136
136
136
136
136
136
136
136
136
136
136
136
136
136
136
136
136
136
136
136
136
136
136
136
136
136
136
136
136
136
136
136
136
136
136
136
136
136
136
136
136
136
136
136
136
136
136
136
136
136
136
136
136
136
136
136
136
136
136
136
136
136
136
136
136
136
136
136
136
136
136
136
136
136
136
136
136
136
136
136
136
136
136
136
136
136
136
136
136
136
136
69
138
207
142
345
146
483
150
621
154
759
158
897
162
1035
166
1173
170
1311
174
1449
178
1587
182
1725
186
1863
190
2001
194
2139
198
2277
202
2415
206
2553
210
2691
214
2829
218
2967
222
3105
226
3243
230
3381
234
3519
238
3657
242
3795
246
3933
250
4071
254
4209
258
4347
262
4485
266
4623
270
4761
274
4899
278
5037
282
5175
286
5313
290
5451
294
5589
298
5727
302
5865
306
6003
310
6141
314
6279
318
6417
322
6555
326
6693
330
6831
334
70
140
140
140
140
140
140
140
140
140
140
140
140
140
140
140
140
140
140
140
140
140
140
140
140
140
140
140
140
140
140
140
140
140
140
140
140
140
140
140
140
140
140
140
140
140
140
140
140
140
140
140
140
140
140
140
140
140
140
140
140
140
140
140
140
140
140
140
140
140
140
140
140
140
140
140
140
140
140
140
140
140
140
140
140
140
140
140
140
140
140
140
140
140
140
140
140
140
140
140
71
142
213
146
355
150
497
154
639
158
781
162
923
166
1065
170
1207
174
1349
178
1491
182
1633
186
1775
190
1917
194
2059
198
2201
202
2343
206
2485
210
2627
214
2769
218
2911
222
3053
226
3195
230
3337
234
3479
238
3621
242
3763
246
3905
250
4047
254
4189
258
4331
262
4473
266
4615
270
4757
274
4899
278
5041
282
5183
286
5325
290
5467
294
5609
298
5751
302
5893
306
6035
310
6177
314
6319
318
6461
322
6603
326
6745
330
6887
334
7029
338
72
144
144
144
144
144
144
144
144
144
144
144
144
144
144
144
144
144
144
144
144
144
144
144
144
144
144
144
144
144
144
144
144
144
144
144
144
144
144
144
144
144
144
144
144
144
144
144
144
144
144
144
144
144
144
144
144
144
144
144
144
144
144
144
144
144
144
144
144
144
144
144
144
144
144
144
144
144
144
144
144
144
144
144
144
144
144
144
144
144
144
144
144
144
144
144
144
144
144
144
73
146
219
150
365
154
511
158
657
162
803
166
949
170
1095
174
1241
178
1387
182
1533
186
1679
190
1825
194
1971
198
2117
202
2263
206
2409
210
2555
214
2701
218
2847
222
2993
226
3139
230
3285
234
3431
238
3577
242
3723
246
3869
250
4015
254
4161
258
4307
262
4453
266
4599
270
4745
274
4891
278
5037
282
5183
286
5329
290
5475
294
5621
298
5767
302
5913
306
6059
310
6205
314
6351
318
6497
322
6643
326
6789
330
6935
334
7081
338
7227
342
74
148
148
148
148
148
148
148
148
148
148
148
148
148
148
148
148
148
148
148
148
148
148
148
148
148
148
148
148
148
148
148
148
148
148
148
148
148
148
148
148
148
148
148
148
148
148
148
148
148
148
148
148
148
148
148
148
148
148
148
148
148
148
148
148
148
148
148
148
148
148
148
148
148
148
148
148
148
148
148
148
148
148
148
148
148
148
148
148
148
148
148
148
148
148
148
148
148
148
148
75
150
225
154
375
158
525
162
675
166
825
170
975
174
1125
178
1275
182
1425
186
1575
190
1725
194
1875
198
2025
202
2175
206
2325
210
2475
214
2625
218
2775
222
2925
226
3075
230
3225
234
3375
238
3525
242
3675
246
3825
250
3975
254
4125
258
4275
262
4425
266
4575
270
4725
274
4875
278
5025
282
5175
286
5325
290
5475
294
5625
298
5775
302
5925
306
6075
310
6225
314
6375
318
6525
322
6675
326
6825
330
6975
334
7125
338
7275
342
7425
346
76
152
152
152
152
152
152
152
152
152
152
152
152
152
152
152
152
152
152
152
152
152
152
152
152
152
152
152
152
152
152
152
152
152
152
152
152
152
152
152
152
152
152
152
152
152
152
152
152
152
152
152
152
152
152
152
152
152
152
152
152
152
152
152
152
152
152
152
152
152
152
152
152
152
152
152
152
152
152
152
152
152
152
152
152
152
152
152
152
152
152
152
152
152
152
152
152
152
152
152
77
154
231
158
385
162
539
166
693
170
847
174
1001
178
1155
182
1309
186
1463
190
1617
194
1771
198
1925
202
2079
206
2233
210
2387
214
2541
218
2695
222
2849
226
3003
230
3157
234
3311
238
3465
242
3619
246
3773
250
3927
254
4081
258
4235
262
4389
266
4543
270
4697
274
4851
278
5005
282
5159
286
5313
290
5467
294
5621
298
5775
302
5929
306
6083
310
6237
314
6391
318
6545
322
6699
326
6853
330
7007
334
7161
338
7315
342
7469
346
7623
350
78
156
156
156
156
156
156
156
156
156
156
156
156
156
156
156
156
156
156
156
156
156
156
156
156
156
156
156
156
156
156
156
156
156
156
156
156
156
156
156
156
156
156
156
156
156
156
156
156
156
156
156
156
156
156
156
156
156
156
156
156
156
156
156
156
156
156
156
156
156
156
156
156
156
156
156
156
156
156
156
156
156
156
156
156
156
156
156
156
156
156
156
156
156
156
156
156
156
156
156
79
158
237
162
395
166
553
170
711
174
869
178
1027
182
1185
186
1343
190
1501
194
1659
198
1817
202
1975
206
2133
210
2291
214
2449
218
2607
222
2765
226
2923
230
3081
234
3239
238
3397
242
3555
246
3713
250
3871
254
4029
258
4187
262
4345
266
4503
270
4661
274
4819
278
4977
282
5135
286
5293
290
5451
294
5609
298
5767
302
5925
306
6083
310
6241
314
6399
318
6557
322
6715
326
6873
330
7031
334
7189
338
7347
342
7505
346
7663
350
7821
354
80
160
160
160
160
160
160
160
160
160
160
160
160
160
160
160
160
160
160
160
160
160
160
160
160
160
160
160
160
160
160
160
160
160
160
160
160
160
160
160
160
160
160
160
160
160
160
160
160
160
160
160
160
160
160
160
160
160
160
160
160
160
160
160
160
160
160
160
160
160
160
160
160
160
160
160
160
160
160
160
160
160
160
160
160
160
160
160
160
160
160
160
160
160
160
160
160
160
160
160
81
162
243
166
405
170
567
174
729
178
891
182
1053
186
1215
190
1377
194
1539
198
1701
202
1863
206
2025
210
2187
214
2349
218
2511
222
2673
226
2835
230
2997
234
3159
238
3321
242
3483
246
3645
250
3807
254
3969
258
4131
262
4293
266
4455
270
4617
274
4779
278
4941
282
5103
286
5265
290
5427
294
5589
298
5751
302
5913
306
6075
310
6237
314
6399
318
6561
322
6723
326
6885
330
7047
334
7209
338
7371
342
7533
346
7695
350
7857
354
8019
358
82
164
164
164
164
164
164
164
164
164
164
164
164
164
164
164
164
164
164
164
164
164
164
164
164
164
164
164
164
164
164
164
164
164
164
164
164
164
164
164
164
164
164
164
164
164
164
164
164
164
164
164
164
164
164
164
164
164
164
164
164
164
164
164
164
164
164
164
164
164
164
164
164
164
164
164
164
164
164
164
164
164
164
164
164
164
164
164
164
164
164
164
164
164
164
164
164
164
164
164
83
166
249
170
415
174
581
178
747
182
913
186
1079
190
1245
194
1411
198
1577
202
1743
206
1909
210
2075
214
2241
218
2407
222
2573
226
2739
230
2905
234
3071
238
3237
242
3403
246
3569
250
3735
254
3901
258
4067
262
4233
266
4399
270
4565
274
4731
278
4897
282
5063
286
5229
290
5395
294
5561
298
5727
302
5893
306
6059
310
6225
314
6391
318
6557
322
6723
326
6889
330
7055
334
7221
338
7387
342
7553
346
7719
350
7885
354
8051
358
8217
362
84
168
168
168
168
168
168
168
168
168
168
168
168
168
168
168
168
168
168
168
168
168
168
168
168
168
168
168
168
168
168
168
168
168
168
168
168
168
168
168
168
168
168
168
168
168
168
168
168
168
168
168
168
168
168
168
168
168
168
168
168
168
168
168
168
168
168
168
168
168
168
168
168
168
168
168
168
168
168
168
168
168
168
168
168
168
168
168
168
168
168
168
168
168
168
168
168
168
168
168
85
170
255
174
425
178
595
182
765
186
935
190
1105
194
1275
198
1445
202
1615
206
1785
210
1955
214
2125
218
2295
222
2465
226
2635
230
2805
234
2975
238
3145
242
3315
246
3485
250
3655
254
3825
258
3995
262
4165
266
4335
270
4505
274
4675
278
4845
282
5015
286
5185
290
5355
294
5525
298
5695
302
5865
306
6035
310
6205
314
6375
318
6545
322
6715
326
6885
330
7055
334
7225
338
7395
342
7565
346
7735
350
7905
354
8075
358
8245
362
8415
366
86
172
172
172
172
172
172
172
172
172
172
172
172
172
172
172
172
172
172
172
172
172
172
172
172
172
172
172
172
172
172
172
172
172
172
172
172
172
172
172
172
172
172
172
172
172
172
172
172
172
172
172
172
172
172
172
172
172
172
172
172
172
172
172
172
172
172
172
172
172
172
172
172
172
172
172
172
172
172
172
172
172
172
172
172
172
172
172
172
172
172
172
172
172
172
172
172
172
172
172
87
174
261
178
435
182
609
186
783
190
957
194
1131
198
1305
202
1479
206
1653
210
1827
214
2001
218
2175
222
2349
226
2523
230
2697
234
2871
238
3045
242
3219
246
3393
250
3567
254
3741
258
3915
262
4089
266
4263
270
4437
274
4611
278
4785
282
4959
286
5133
290
5307
294
5481
298
5655
302
5829
306
6003
310
6177
314
6351
318
6525
322
6699
326
6873
330
7047
334
7221
338
7395
342
7569
346
7743
350
7917
354
8091
358
8265
362
8439
366
8613
370
88
176
176
176
176
176
176
176
176
176
176
176
176
176
176
176
176
176
176
176
176
176
176
176
176
176
176
176
176
176
176
176
176
176
176
176
176
176
176
176
176
176
176
176
176
176
176
176
176
176
176
176
176
176
176
176
176
176
176
176
176
176
176
176
176
176
176
176
176
176
176
176
176
176
176
176
176
176
176
176
176
176
176
176
176
176
176
176
176
176
176
176
176
176
176
176
176
176
176
176
89
178
267
182
445
186
623
190
801
194
979
198
1157
202
1335
206
1513
210
1691
214
1869
218
2047
222
2225
226
2403
230
2581
234
2759
238
2937
242
3115
246
3293
250
3471
254
3649
258
3827
262
4005
266
4183
270
4361
274
4539
278
4717
282
4895
286
5073
290
5251
294
5429
298
5607
302
5785
306
5963
310
6141
314
6319
318
6497
322
6675
326
6853
330
7031
334
7209
338
7387
342
7565
346
7743
350
7921
354
8099
358
8277
362
8455
366
8633
370
8811
374
90
180
180
180
180
180
180
180
180
180
180
180
180
180
180
180
180
180
180
180
180
180
180
180
180
180
180
180
180
180
180
180
180
180
180
180
180
180
180
180
180
180
180
180
180
180
180
180
180
180
180
180
180
180
180
180
180
180
180
180
180
180
180
180
180
180
180
180
180
180
180
180
180
180
180
180
180
180
180
180
180
180
180
180
180
180
180
180
180
180
180
180
180
180
180
180
180
180
180
180
91
182
273
186
455
190
637
194
819
198
1001
202
1183
206
1365
210
1547
214
1729
218
1911
222
2093
226
2275
230
2457
234
2639
238
2821
242
3003
246
3185
250
3367
254
3549
258
3731
262
3913
266
4095
270
4277
274
4459
278
4641
282
4823
286
5005
290
5187
294
5369
298
5551
302
5733
306
5915
310
6097
314
6279
318
6461
322
6643
326
6825
330
7007
334
7189
338
7371
342
7553
346
7735
350
7917
354
8099
358
8281
362
8463
366
8645
370
8827
374
9009
378
92
184
184
184
184
184
184
184
184
184
184
184
184
184
184
184
184
184
184
184
184
184
184
184
184
184
184
184
184
184
184
184
184
184
184
184
184
184
184
184
184
184
184
184
184
184
184
184
184
184
184
184
184
184
184
184
184
184
184
184
184
184
184
184
184
184
184
184
184
184
184
184
184
184
184
184
184
184
184
184
184
184
184
184
184
184
184
184
184
184
184
184
184
184
184
184
184
184
184
184
93
186
279
190
465
194
651
198
837
202
1023
206
1209
210
1395
214
1581
218
1767
222
1953
226
2139
230
2325
234
2511
238
2697
242
2883
246
3069
250
3255
254
3441
258
3627
262
3813
266
3999
270
4185
274
4371
278
4557
282
4743
286
4929
290
5115
294
5301
298
5487
302
5673
306
5859
310
6045
314
6231
318
6417
322
6603
326
6789
330
6975
334
7161
338
7347
342
7533
346
7719
350
7905
354
8091
358
8277
362
8463
366
8649
370
8835
374
9021
378
9207
382
94
188
188
188
188
188
188
188
188
188
188
188
188
188
188
188
188
188
188
188
188
188
188
188
188
188
188
188
188
188
188
188
188
188
188
188
188
188
188
188
188
188
188
188
188
188
188
188
188
188
188
188
188
188
188
188
188
188
188
188
188
188
188
188
188
188
188
188
188
188
188
188
188
188
188
188
188
188
188
188
188
188
188
188
188
188
188
188
188
188
188
188
188
188
188
188
188
188
188
188
95
190
285
194
475
198
665
202
855
206
1045
210
1235
214
1425
218
1615
222
1805
226
1995
230
2185
234
2375
238
2565
242
2755
246
2945
250
3135
254
3325
258
3515
262
3705
266
3895
270
4085
274
4275
278
4465
282
4655
286
4845
290
5035
294
5225
298
5415
302
5605
306
5795
310
5985
314
6175
318
6365
322
6555
326
6745
330
6935
334
7125
338
7315
342
7505
346
7695
350
7885
354
8075
358
8265
362
8455
366
8645
370
8835
374
9025
378
9215
382
9405
386
96
192
192
192
192
192
192
192
192
192
192
192
192
192
192
192
192
192
192
192
192
192
192
192
192
192
192
192
192
192
192
192
192
192
192
192
192
192
192
192
192
192
192
192
192
192
192
192
192
192
192
192
192
192
192
192
192
192
192
192
192
192
192
192
192
192
192
192
192
192
192
192
192
192
192
192
192
192
192
192
192
192
192
192
192
192
192
192
192
192
192
192
192
192
192
192
192
192
192
192
97
194
291
198
485
202
679
206
873
210
1067
214
1261
218
1455
222
1649
226
1843
230
2037
234
2231
238
2425
242
2619
246
2813
250
3007
254
3201
258
3395
262
3589
266
3783
270
3977
274
4171
278
4365
282
4559
286
4753
290
4947
294
5141
298
5335
302
5529
306
5723
310
5917
314
6111
318
6305
322
6499
326
6693
330
6887
334
7081
338
7275
342
7469
346
7663
350
7857
354
8051
358
8245
362
8439
366
8633
370
8827
374
9021
378
9215
382
9409
386
9603
390
98
196
196
196
196
196
196
196
196
196
196
196
196
196
196
196
196
196
196
196
196
196
196
196
196
196
196
196
196
196
196
196
196
196
196
196
196
196
196
196
196
196
196
196
196
196
196
196
196
196
196
196
196
196
196
196
196
196
196
196
196
196
196
196
196
196
196
196
196
196
196
196
196
196
196
196
196
196
196
196
196
196
196
196
196
196
196
196
196
196
196
196
196
196
196
196
196
196
196
196
99
198
297
202
495
206
693
210
891
214
1089
218
1287
222
1485
226
1683
230
1881
234
2079
238
2277
242
2475
246
2673
250
2871
254
3069
258
3267
262
3465
266
3663
270
3861
274
4059
278
4257
282
4455
286
4653
290
4851
294
5049
298
5247
302
5445
306
5643
310
5841
314
6039
318
6237
322
6435
326
6633
330
6831
334
7029
338
7227
342
7425
346
7623
350
7821
354
8019
358
8217
362
8415
366
8613
370
8811
374
9009
378
9207
382
9405
386
9603
390
9801
394
100
200
200
200
200
200
200
200
200
200
200
200
200
200
200
200
200
200
200
200
200
200
200
200
200
200
200
200
200
200
200
200
200
200
200
200
200
200
200
200
200
200
200
200
200
200
200
200
200
200
200
200
200
200
200
200
200
200
200
200
200
200
200
200
200
200
200
200
200
200
200
200
200
200
200
200
200
200
200
200
200
200
200
200
200
200
200
200
200
200
200
200
200
200
200
200
200
200
200
200
