100
2 2 9772
-605494823 -447047511
2 2 4932
540983293 210257965
4 2 8095
-32295082 -90905039 -909414318 -415987667
4 3 2212
647032242 944307375 -27522358 845459797
6 3 6630
-229913239 762256860 755690798 -71032315 187307770 591812383
10 4 6701
-665107520 -117621989 -100905619 -701752317 4619205 -70413793 -231961173 -794481983 625091693 -215491601
6 6 6476
449463563 821707200 -144377055 395018998 735934574 -273675413
10 6 9644
175611671 535314002 450576906 -493720270 -220509915 -437490058 -766159450 -114857990 835075588 306246454
8 5 3508
133969066 -300863589 69811442 151006826 754357586 263681122 349565284 -346619673
4 1 7988
-392500431 -270242608 568646690 -45929715
4 4 5359
663105671 -70007435 123007959 -542715176
6 2 9114
984383472 -522568448 -201624540 676871390 -1823205 -456196318
8 4 9360
-327692662 621635502 709251856 -66901501 -101226785 -476627224 463924246 -646047426
2 2 5942
-754601871 -129204834
4 1 4391
530962029 487640734 895575975 13090243
10 1 8451
791321974 -608212140 -535777669 297672033 -603234230 619852992 -799128007 -954447004 510960828 616909935
6 3 2844
-821012486 724845449 -695373000 -113993883 93104247 -663086847
4 3 3652
147061945 -11639864 327794404 -846402506
2 2 9687
61043349 -576661575
6 3 414
-413592155 364647067 50803377 -808478676 82608620 637902410
2 1 4355
824010994 106700909
10 3 5021
165710540 697504686 -687123423 633691899 710407649 726639682 615174834 -494576490 853907118 11500574
10 2 1704
-58973885 238718582 -840210619 112166165 360259976 -26692994 -909751436 643929772 778234226 278737659
6 3 719
287591227 777566894 106930067 -975479855 969124512 -179971587
8 6 1023
645277833 174626188 -745018871 739797403 -636475601 -785195173 -76353276 823910330
4 2 870
-88332269 669485286 339730293 -392207383
10 1 3260
282956335 481520252 -730578271 394476499 468004119 693440008 -651198064 902332183 -604077400 766655616
10 2 9256
696233397 229056201 -729597780 -354286742 695487048 810373638 -143472457 400062423 209949586 -12320845
2 2 6833
114870037 762086419
6 3 7692
-192566342 961587160 -884214572 834153256 872554678 -651395502
8 5 4311
-787805003 634823369 -978585990 711097522 21002366 -409473407 412525915 -30112828
8 2 3916
-183331288 -227054683 96086154 -399641201 -635054029 99898669 575188785 694751182
10 7 6134
-362998981 -593655154 154363635 489098439 875430949 157846730 286654824 -933322671 964034075 556296923
6 6 7057
432946578 -582610920 -122943210 477970245 -842876059 484285960
8 5 3382
40601546 60286774 777198670 66396198 -503597319 -448486077 -152011412 -108607650
8 6 3491
234665532 583462866 -746083857 561880874 -894203725 425869550 458607504 -763970091
2 2 1690
-837036597 458914957
8 2 6369
-635527250 66511642 88003376 -76006497 -866329304 950321521 757492875 698732489
8 3 9994
-17211357 954161562 242880457 -595148406 -929237186 -17754486 -462627961 807809051
4 4 6226
761641694 -433794609 -108558412 114037518
2 1 8785
-907328921 -484059372
8 4 6181
-812794297 139474885 151522432 -102522969 688581343 391353605 544892277 -330432154
8 3 566
684028736 102173337 915945063 288314013 -576025446 831976967 318754201 -73221680
8 2 325
123478204 -994360200 -997691939 -372859813 -222972067 -619631010 479396119 200152480
10 7 1090
591927383 324977556 276976034 -94681968 -602380966 -9224390 892976573 -510429697 -59557053 338217253
10 5 4636
75666088 -283290041 -143684394 -190506008 -67140372 992712307 810711282 -290759394 91341383 727682443
2 2 1204
-918591776 725071808
2 1 8754
949130615 -855890772
8 1 1518
-97265769 922257665 -512538576 -294228652 -261610838 945356728 740369146 127619292
10 2 7421
953229049 763290712 103479168 -286928996 -797358335 811461457 290954525 -279765997 -696342653 -68700548
10 10 7252
-834096881 -606031391 204189450 -565476296 787417682 -346501473 529524617 582850832 -561313840 -5388719
2 1 2796
694482361 -449205612
2 2 3891
-489157230 -76391965
4 4 1416
-732788648 -569311289 -357777296 -540875067
2 1 5976
-929656251 -601868814
10 10 6984
-814919290 864881043 -916129188 -445002672 -343392223 731488663 174601253 -487765814 328144112 314178372
10 2 5034
502838904 344012551 951650706 757681053 -940832034 918229884 628505540 -194196500 381138719 629203220
10 10 6883
-357934293 43453986 995676524 -139407698 366085154 796026934 193042392 80990277 -862771713 -164621119
2 1 7614
-319586726 98098892
6 5 4291
-491562269 -21444173 -594683951 -250778857 -321651432 -827999689
8 4 2081
873679864 607422461 284570784 941435016 -730582747 775477434 62328039 540802281
8 2 7216
-948223705 -700712440 644665520 668382925 992558590 346223641 -187268728 -344631801
4 4 6156
942715192 909288332 975800541 -639837807
4 2 5257
-464839332 -38033908 -905304227 40431998
6 4 589
206620982 -927061096 -114831727 -128571084 282159261 531003138
8 8 31
-134349413 -501860611 -560931944 -746212686 132251716 -986697985 930236769 58190655
10 9 582
431543301 83499257 -179622895 483917013 114655168 69946062 112778034 -484612449 -211833562 751418095
8 6 7712
-313796879 -349625429 -413266322 -52894466 687401390 798888517 -28256021 583949142
6 3 4114
-966986746 -312246085 -385393907 -607944292 -39911765 -97296065
8 1 6898
434841869 147925388 -116672480 41402165 935358906 -637657090 -513572944 786718513
6 4 7013
-598026996 -716275848 394145624 -807545097 298629482 -331974939
2 1 4511
-498010341 173948948
8 5 7854
960697782 975159990 -120367117 581533934 -194789955 544607752 -90564923 667253418
2 1 2900
467202706 778783461
8 2 3803
-521667149 -930981251 130309707 817139959 -31817871 108063452 -929813909 -497945440
2 2 363
-586205332 -400919158
4 2 8217
591462353 761418817 -86588695 536978817
8 2 8524
-288749984 -498615908 585854377 -861103673 314945856 807659699 -453733075 -95109307
6 2 8200
64686583 53938585 220023060 961707719 10613579 129323105
8 1 7678
505873844 645544293 -81676190 555019203 716462721 988233625 -568437214 571876579
8 8 7131
235044280 748258936 -753184771 335102447 -88800484 -489621904 -415560371 415405007
2 1 1509
-358635094 -903858426
4 1 1992
180839186 100059896 -928787662 100665564
2 2 335
-571991326 -82268656
6 4 9369
761086775 -237325168 348462235 -589021074 -183773388 754815426
10 6 4613
284619763 -315978104 -993319196 -709129170 -986492874 141076796 467831053 625923602 -833176389 -307427150
10 8 2113
92805734 293505942 -132217231 -635792123 -762685572 835385778 -374281305 -796571385 519936060 -67560337
6 5 9951
173173971 518144578 888905061 -920459584 -410419581 687510801
4 1 2962
48232693 127311324 -15704397 -269578010
6 6 4070
348152858 -698072359 855414611 313145500 -204363803 691173037
8 4 2618
136082571 902772548 -811015278 -787470419 539656417 144951936 320483303 -451264848
6 4 5563
-966532828 -42351417 468515715 186761594 -76571312 113797722
10 10 3784
630624174 -156812981 -780322015 926302114 -210736528 -908367465 -867301793 901543289 206146664 -80758299
8 3 6223
-329736985 865469009 707080022 -621998489 972541825 69700744 -96832270 21971238
4 4 3007
343940750 22603875 879498032 -94500208
4 1 2090
-502260232 954356439 -37820133 709646893
6 5 5071
-349057672 -73161147 -504861782 649683542 435806463 319742293
2 1 6678
-38641243 -516834523
6 1 4755
-369197408 -935295244 801503592 15023502 276475447 -819099208
8 7 7342
-834025236 -290775834 122354422 476823269 -846412457 891156810 -523686901 -87374438
