96190892 903809115
482052445 517947562
351319429 464074326 687687180 496919079
142330887 449008723 467776294 350161145
745128446 602374735 995638623 953926014 347189895 351864558
895646319 596359488 903454357 864961682 394038547 773993145 122954871 360564228 418643265 669384140
376643998 623356009 376643998 623356009 376643998 623356009
284937383 429127228 514940192 185982921 606070625 598786597 878785045 293676080 633979375 573714589
569413551 111455988 306658523 715562348 143440605 26834041 937245714 264297308
607499576 729757399 568646690 954070292
421992088 578007919 421992088 578007919
905055501 520118039 992303035 706074358 512022589 364426506
838425921 751278865 874086745 508434896 22703586 387591642 987042769 630435611
375036790 624963217
487640734 530962029 13090243 895575975
391787867 791321974 297672033 464222338 619852992 396765777 45553003 200872000 616909935 510960828
208710431 432829736 961666489 856283214 385119960 679873685
479780252 655641836 660512711 820879201
79590539 920409468
115152591 573553196 784479102 662776592 873702498 904226692
106700909 824010994
171356259 300491877 6013612 155757010 181262249 771523504 703771416 151908170 73122476 717630496
115884340 185645882 987102307 95142616 580852178 517110897 378516459 781197268 955334574 403213514
874850026 871841380 260002918 52108461 440270006 486688481
21523382 553231562 608173383 7318556 27732617 287568556 436615174 57836784
494242916 171029321 994651964 340075813
282956335 481520252 269421736 394476499 468004119 693440008 348801943 902332183 395922607 766655616
331934177 383863145 29918330 160901884 843268275 541961239 729678418 120998987 592567212 264908361
463829778 536170229
866385806 598004141 58940716 775201115 236137690 405449224
991771731 641299753 137550433 620168893 972136757 853339112 281992773 75212527
454748114 332651764 71030792 425824041 543499687 52714274 940027389 179503960
768557848 380986555 661255451 543652524 101265341 280852834 967093872 741686406 745112910 403285056
974655606 25344401 974655606 25344401 974655606 25344401
543676797 716666348 26394512 844118248 6580943 881880857 612046252 100416801
923476899 964666180 683865951 301126861 956149765 263295796 888949293 18469290
744014325 255985682
668894242 145015419 616363978 494908633 338352533 254521021 541745189 940199013
363449766 34560722 378206301 547214550 318664313 273283739 30608810 36883487
457402130 542597877 457402130 542597877
515940635 92671086
699241814 807194043 382140085 252126743 310379874 183184283 627481603 738251583
929598984 592628600 549057267 882062379 717212352 802713672 224450029 794221929
232382433 24184910 865246379 256020431 530748068 400875428 563129215 127413157
924438789 17795874 627924666 572806633 211799170 639826985 608590366 675390181 247624629 622603460
510534721 502072108 194325350 913792365 125636845 428859745 537357102 886969984 52424482 570760613
500444672 499555335
949130615 144109235
902734238 922257665 487461431 705771355 738389169 945356728 740369146 127619292
8821624 473663958 710479329 86246052 880278980 20321388 555066705 239070729 646774540 379276723
518882986 481117021 518882986 481117021 518882986 481117021 518882986 481117021 518882986 481117021
694482361 550794395
565607986 434392021
901875841 98124166 901875841 98124166
70343756 398131193
435272257 564727750 435272257 564727750 435272257 564727750 435272257 564727750 435272257 564727750
336493629 745220859 359211505 457514084 917522461 648107866 300686812 944874397 961147530 329220899
250584280 749415727 250584280 749415727 250584280 749415727 250584280 749415727 250584280 749415727
680413281 98098892
908698600 771739463 805576918 578294972 78609430 348960288
280555236 29968519 798594328 802646757 342264963 347211289 824225878 574533058
905419961 276848786 986679265 603921371 135913628 688251132 656593495 746372397
874183350 125816657 874183350 125816657
524191563 829492892 703437130 942878436
392652386 379424931 614594785 43429217 569870283 28412
979755040 20244967 979755040 20244967 979755040 20244967 979755040 20244967
766264941 180665918 155098745 416696455 449376808 748777624 447499674 149195373 122888078 735224429
776745799 344826040 825205692 389640399 219205046 265815125 696973010 481588917
252078554 172990422 121546432 395763603 344319613 303522544
434841869 147925388 883327527 41402165 935358906 362342917 486427063 786718513
149212276 776094451 890093321 909638120 901831853 373130007
173948948 501989666
699721280 441838456 972004628 772742190 231525387 912590446 982402186 310706322
467202706 778783461
634226902 559835783 847848347 459901259 935394874 567322408 282707373 712763089
79048077 920951930
289836576 481270730 54822228 174070473
146348333 279247078 803104146 355746649 505857673 440363221 283581097 185751824
71533926 793963887 236083138 89612992 12946758 795859313
505873844 645544293 918323817 555019203 716462721 988233625 431562793 571876579
707853312 292146695 707853312 292146695 707853312 292146695 707853312 292146695
96141581 641364913
180839186 100059896 71212345 100665564
43761308 956238699
551858014 955802793 299434446 163973301 47971902 980959565
939777739 996258604 632257012 709239482 685536360 81596190 579410118 958896632 142004594 275023311
872171108 8843462 571031491 605777607 195590127 701069597 866423364 181634191 646060681 351398407
240982516 450336033 956713606 11731878 657388971 619702256
48232693 127311324 984295610 730421997
974218674 25781333 974218674 25781333 974218674 25781333
290591270 831931959 684849300 603104894 614753913 262722872 220495883 491549937
286911636 656413689 550636968 244884738 448143311 813009679
258993193 741006814 258993193 741006814 258993193 741006814 258993193 741006814 258993193 741006814
411864667 502465015 623246821 974975572 497927286 630520635 253988044 693207075
386900548 613099459 386900548 613099459
497739775 954356439 962179874 709646893
436843210 533841418 281039100 140937978 221707338 863782667
961358764 483165484
64704763 630802599 15023502 801503592 180900799 276475447
327782790 729348791 284162441 750817550 315395569 547416154 638121125 315015250
