-10
18872
1347390
68733756
804387214
781861653
126243420
148972251
707345045
749496252
133135488
880005177
511479645
381031209
7534357
499270029
950286855
97440577
468027409
111675198
759004647
756881644
797291012
556749376
17532611
875876030
272245231
553548352
279683467
189486409
27759930
859711644
99442266
137668122
6498421
81904440
832927647
451336837
736214050
165421433
526844572
547627981
831310389
572882595
196962105
906771442
689445994
734264786
539001718
629914379
782184179
732114747
902756386
895077794
123202248
85947112
918834316
896603113
353153225
783271521
447754789
933340405
201198548
14034829
487339305
554448283
323560166
772935866
165801978
168841041
925265920
570175542
745849317
565123967
848242644
380929256
240184380
351505140
811798295
222642050
256794758
376631195
37408122
779073851
600021479
280488862
675095781
670565717
577044045
698741893
236733646
601999522
386073742
998915703
600626060
661337008
739859296
151995599
418218668
404266778
896968460
598439293
214343205
343738119
118763387
235783055
1602085
626639387
688332506
645775944
659503704
940401697
344333186
632686757
402010787
371421734
673359160
265832010
317310448
963020382
329923706
708356599
755566259
244977559
897913536
424348616
130154773
101285689
878916400
676850750
558236759
263642441
437272160
629346392
121381921
155264396
139688537
131387374
636545936
306405274
959410282
45818567
954206871
722274138
924481768
49674071
44724284
258633950
960734026
943504718
721132024
969195286
283606128
787027051
818418252
252138087
978542085
478418337
846413712
444832364
149572575
358143713
116863464
689446874
108335729
6140863
419346119
19391720
881937044
430041905
601736671
877847602
102418386
270072697
200090403
408631434
983965231
114182847
504046164
942493169
199236320
627168587
274112602
84854253
555144832
511154932
703312110
69451216
220525705
715097735
859661458
453699140
936789855
553250904
14731862
69955766
174451657
20734985
99805041
140995339
882085667
126216976
358022590
552351789
745265790
447973492
365696457
93868655
641267501
443461245
882806222
896992299
255896602
469432903
390268570
817177441
240837539
13258201
708077299
184090367
86194769
990943603
787693520
909637822
487128275
365266279
659309508
913643037
33528019
717242114
948115729
274302198
791071786
753319099
276088497
16324119
371229308
860125486
989974014
614791654
297690423
870047718
179352000
810362126
256396406
617653143
657315387
807359513
701146527
334964312
85071054
779537191
911052462
838722171
961386131
956664069
623187288
979182473
202312654
445851544
563428762
491700708
755895704
374495432
326867461
898344255
279635441
2356156
315550697
476952377
415214676
945053335
700127280
714232947
5014896
848992193
325118612
956599376
610054024
427685188
90108970
906215003
712744698
890001645
562925572
852798009
706986957
497525163
693186975
540701014
890198622
163198486
767647012
365335797
290083925
936586376
576342787
966169334
451873604
845264590
47930018
304626523
85211955
466719072
673511525
227368517
56817743
945440636
949822885
235179161
859959353
216392894
380395871
177418582
433467373
406536915
208249311
942842537
619499374
370878631
316085186
669703364
437108687
323559646
487062823
263426833
331609282
469609336
509081442
72513427
768126938
425128186
303217960
950216741
936858079
511280276
373407362
568991957
44115966
795686409
377003179
151530781
714309273
70851018
844504642
185344803
76971298
1819121
645201221
171116279
883775982
927669535
871335517
920252894
922146139
140963814
842007424
381302347
691503135
330827424
804528600
342508651
94543184
144842771
181187593
755776821
29886378
66322863
475518395
731930553
31119978
125015960
896886371
28315242
832287360
665686268
970099726
452380331
403006447
430736480
50024010
103348444
415614239
714962505
128357654
295090220
236766445
380366042
330937681
182200262
258848046
78154934
299438478
306897557
277293333
269249017
8365151
55737047
546634209
203197002
284310995
99474924
81498517
752640745
58239912
623582460
398831276
516110581
896902274
854673080
395877252
267287251
116677768
61619180
806216005
600565965
539840500
707238333
438432264
982443739
843043213
529665749
530397242
125516900
510259341
409992380
597116108
631813287
376640437
936019111
575458092
380725282
588038975
537441215
356751660
86024241
648627698
818140359
81498962
974414011
677366308
968678331
468294373
986503637
285742330
607531635
427215387
197717869
276106114
79704978
194369879
841922144
71244815
952423015
992910227
517669960
806883279
925683367
610166842
820437506
910810622
253846497
390251868
613031155
963531748
157537998
824056242
842933975
33902549
90352444
356240913
46272489
163305762
517663639
138678575
416863216
449531233
505835236
524740263
614413336
243652892
525993908
131587116
988522962
447215559
5914740
451469287
764592931
581861127
325582678
784088075
615788952
968995333
450839607
115803372
531058257
759675542
189708192
919767672
462207154
23323568
554871711
191693912
508497323
354454645
844939740
405086320
868685774
977980543
450489767
387563231
794799752
375758763
236881928
121437086
127047809
629247395
344864866
907636321
42775921
133256920
771313084
208667630
262121990
60253033
930698396
262208339
972448674
339547901
44208879
216683833
809371936
596509973
234497981
332613178
102928707
992512438
779656430
547746951
595024174
375040226
377977955
169515519
752480503
953116953
921521934
839539686
829600221
174190575
84787438
365229175
86638868
140905891
414092149
669390758
610477067
768283732
383267437
876095661
480478314
588124256
885915463
648481127
978433939
66426067
410443439
638462417
186461819
383445810
163026432
864896279
687633218
230286362
465248071
781992597
997701164
995052272
213588386
729276023
411578065
54191159
351178496
256221377
11290262
550480874
818846721
333475971
201987511
295314507
236206039
949992359
828845134
269841588
590796305
259318491
456274537
2408259
768933260
145737486
622892409
704511943
585371593
736190792
290319608
830810869
611419792
766587535
911826345
574611922
282218756
455131745
160276466
133008225
666850511
314818197
504112886
162789868
171022214
520239386
986279867
491949340
647461297
595477564
926862440
353496833
316369516
180148911
573588219
203117968
268575460
687025290
159401849
667587262
543579628
701868045
501344472
960401120
911194042
705856749
641689253
809681898
61274073
392768433
441176698
387218027
967087626
204417339
926750009
267421838
781291771
309052156
65800587
548173773
865813569
912217853
145423807
165318007
597121390
555921029
146086847
340107060
330484218
194121457
961485232
464053916
413549283
902685975
182108599
220201730
580066423
327251309
136750255
270412770
950165542
187493389
505779210
497429557
346202852
13933380
834436934
30863171
487272099
591142623
891077705
942672000
236106722
110363556
844603728
191973667
427445611
440763275
618060840
397147843
818968405
227095684
705165213
563709756
201930874
57916485
55374043
173178711
769610637
723473280
237769994
23812531
967581302
183810786
923555103
652851244
955894260
189448940
972248463
671830072
742844474
519836176
36319136
492405332
545201039
987407395
821028408
647961105
54191968
228166577
377054907
295372207
314034379
172761950
114588594
427413114
822960959
697472026
554897877
258850813
229954888
607499121
649078441
92787969
739986913
423371195
792034425
422740709
897534448
338682529
419369713
534185949
849001111
452133107
941088190
118949856
608479012
803609869
345152545
772244482
191152895
772966976
631386125
805158035
90998515
297819037
993130109
425875931
505672507
39646969
975282118
805585161
814455577
960703275
31159419
368813927
678594648
703735170
664945555
194133930
484814511
277811370
713969695
839808903
375533228
640942737
607043147
625413611
921759278
556901873
505017245
786890385
415317682
355978007
890883150
457903382
629995412
536679998
789667762
919477851
324515988
490774262
829490965
984638934
939865201
532772820
551917400
175543821
276966896
168182553
2540236
130363507
250039394
77677510
512185122
349984161
832081307
302395618
540727942
834587862
289949386
288926178
954812648
236464153
113606602
987501139
524838405
677637851
256272959
745115929
824308250
779345000
717760494
620910316
455811614
811374608
979409914
386875624
532989469
840181534
231893114
364993159
581716309
89386730
145749301
115278354
28881692
985676830
349177950
484810743
190926265
596921112
268688877
716222119
448686575
569770312
7069444
646517736
273387655
840561863
39738540
606801712
801004756
215688006
962385565
10324372
304228693
11038106
508300818
514108035
481688084
475938942
311041525
18883785
849469858
808921038
498561705
489024809
698720659
823379962
517625506
34401096
225339371
413745140
318251493
991992908
657509744
283471685
639325192
662742755
320661347
872086520
285221470
861795991
353567577
21131
978389289
332560119
165118008
766535705
526390212
603214001
836886872
778932430
254822757
814844331
527951944
934539604
422467526
331924565
312521090
859874205
986386106
131556883
232257335
858547839
416915116
867949215
39706328
213493060
328663335
379617130
162082012
18059901
568956687
166903538
875755615
562103843
63676580
534325677
608498
144553793
618441485
887834492
254466798
139843030
855197003
166928442
61559957
70264570
411991508
366012026
548215805
534519764
64191089
669811195
188668644
842076317
488891861
783690128
914084405
831850380
25578621
779659709
535232274
470367169
333942487
929259088
445083216
401701539
80129893
833205032
331980519
12358586
496208976
647771492
578785619
825671115
302279296
470495542
181589645
204866665
486403884
696387691
84061275
303409047
833645787
790851584
280775566
284175645
949575364
745425868
405654449
882887101
17470354
387370880
444394426
723827245
870637477
680796027
841246838
606288689
408531429
331409502
308757088
264448545
16258138
552076214
797313129
251065753
202413645
38982010
572688926
383716333
50753563
88606798
541833665
