169942526
102027729
38217987
815210826
145912111
795676044
94466260
678837642
993635911
328287448
84364062
394835137
856470157
235302024
894579972
999652048
728617238
55465799
477744808
492391786
714215227
459862693
672251168
366135331
462696025
503710553
177879257
292185943
354805802
596679625
81375314
199435863
602493635
114520824
619933300
808408561
757814491
346514397
55600619
204780631
26442135
460503918
496647265
549998937
645453688
330104951
366835270
384146526
438076091
190768092
924727044
731947552
251950417
863720723
232625495
156254142
863092105
690597379
576691738
722084511
124239712
585119968
283727270
816142917
365756169
668203734
79506331
871392588
881720970
664431269
803478335
360567989
330500876
784795201
483765278
32947901
931848481
795733630
707861921
22802101
201908950
330700147
575225832
712913132
699430426
902900223
350318966
53460071
609919209
254297355
278225483
922118672
765427314
671067026
181160822
106177042
694384737
820747587
214112934
496184483
413867005
833318586
223886695
663296039
893458523
896773869
788702846
698286829
992447093
757059484
137216412
34175705
55683577
395627688
145152702
215856077
126235005
198802465
440390579
216871848
962623211
645632377
838060019
539961664
84414659
329331741
810354221
768343974
161698139
567729821
483396629
98853468
138746940
536413749
873505886
35701670
104499490
492881494
476576644
78264724
589586269
974552516
507746474
667835899
452318355
669956535
738064560
294666553
686950078
19423563
947704081
106028169
6838512
83026210
497882996
902423102
132151089
634736754
200322802
16804658
258460266
402223785
640621739
812365379
782677983
932401476
651455418
845388379
769031157
446632590
132475447
877137354
383430187
193521936
366300797
734636572
540705611
62100888
803666981
420987146
109874350
771418963
645937311
452019415
894975333
229119692
51956483
524960134
624100133
222084746
509995548
65257801
415043343
71783894
865644502
775322708
868307729
29045398
757405332
826718389
460278261
783603677
443607417
610814890
784239355
29451857
955305244
73035667
836356136
547975236
905470562
861597820
929053902
768402946
860860432
841577549
622180253
615969509
187858660
312319731
899093147
299000736
743875332
408704964
671902208
88952615
829002058
621670801
300427628
584839269
636202672
307681872
221946683
399047977
94629700
762146938
949857093
212205410
843350296
206128532
478818317
841036345
894151703
834325672
765759334
967603535
898161480
923596584
528240630
482012758
3987283
682228757
151415992
541563084
535102238
547378839
443827474
181914141
598172326
55703117
247922715
79030108
253484534
169460926
379537300
743566927
182926376
331612495
528016281
970253188
44127354
247209622
835576150
926366846
13529383
898607980
562025239
378282626
323277810
43050030
655961244
496217910
957962863
960660953
310493978
436500467
429509012
819956843
951943228
231074815
310676264
462614761
986300188
93594779
581015596
945449277
921452118
923729653
856089797
910673052
726241795
433292084
699920128
921031678
749826921
653816929
808932525
805509271
162115271
441698933
960741873
949142278
233821882
461419949
484774179
171363067
620325451
852655908
68964722
681125552
358086955
681450580
570612042
88400547
653852707
455245933
125887552
115192100
581005369
836502069
352625297
86114099
552375509
216981532
92195041
449281349
926915019
701378612
246382662
331194072
129607699
917263043
189769385
353204419
131953590
696492632
955284652
228115747
363831649
171714184
662630874
235102439
899621622
87343291
319781894
717387231
440120516
712631878
854708879
162305953
991850568
626600045
18652877
608229362
404204307
247217957
712195221
655412042
426446649
787499315
226275916
917009745
193190647
963582222
707201170
131664632
714704196
711070442
965119542
601819551
235486849
538701073
577190670
846008441
161059903
819208357
719210846
415435719
862398444
906797275
457832183
217507897
572098350
163760418
90097700
920703544
523411727
265660521
337172958
535780285
742695710
430101375
956764716
575610309
15574368
78758190
718394004
12763171
177066283
971577570
162881741
779415634
717115870
954107240
322142195
310408786
72392482
967257460
93396127
393134865
584582372
284494644
815684499
227804607
261980779
474362282
240434148
196748587
758167557
527896839
969339111
723816544
168556650
872775289
917291525
527995991
300331593
703115849
953474385
717425392
3521834
703766630
929320170
142714020
890270332
503464517
775959500
846728457
168823377
839369217
931296402
884487390
462910283
204957944
535791933
358684763
757475954
979508594
418192724
713636799
296107284
938341599
818545223
373066482
596427485
609132247
589892542
696000549
817528882
225818191
400956094
741248680
357023325
846936909
555826683
756787051
643086080
42794771
155325545
512904949
780001889
891794870
549977737
701333393
979429875
386539156
88314795
610972757
690144804
331948744
648482620
359553227
560724180
19014233
942596278
892840926
675494403
125702926
832038285
28015525
996614771
223946556
799343138
966003649
783066114
443477802
110529144
904443712
946703749
932507898
741722429
86990569
685498292
22023926
600232102
14527620
319452803
668410380
582470238
109106417
501480771
840620878
727468610
785266299
543516566
230935849
921656506
606266728
890340327
490310509
928172658
827875556
448306698
62881241
292604871
14883887
605688536
249374416
520705140
448435277
579542557
370429783
902129108
756659450
941055294
3996282
162521083
401547174
617473138
725168052
948866957
967986900
993644557
704973428
609520019
910514896
112238467
620664510
681568184
193242513
820018735
949133126
540997059
999318462
416245483
768656480
50160277
672975828
685859940
490092156
985166708
169657194
839782577
198253606
330761427
906833972
122048014
246296936
452604374
925058711
463587595
145146877
522311188
163357774
906996621
866660801
305013663
247341374
812920529
5250754
705477395
561856773
514106155
822230258
769241474
132022879
458747053
924755396
878362234
633965396
662908587
430382283
695227540
883427736
807654564
854723140
844985025
992282206
385027328
375393026
689070207
976490288
327386390
532516409
421545930
681122907
369152299
411614769
890144325
691012103
607213256
880537243
436994345
228727247
773895723
848661371
786986027
958440404
382382573
768560896
56826538
701291065
227579890
232745842
356348493
759022928
559977345
469789541
242491395
235559600
204571542
789009063
72863031
35821341
222311786
232506819
426250998
101571177
585972749
506730442
804287409
986286596
44254648
953576473
856643412
762826196
493909956
51665610
706356233
283310073
368822412
934971720
750729493
535810480
384099598
537591151
312490454
171671245
666519179
662064843
599664105
703162335
149240662
397041996
727278882
922564653
430100462
409882021
15534231
248088138
549472560
981002543
572094931
91118048
201669004
165561777
4919226
380262264
617333959
601903353
689358102
505279000
770508044
200092379
326654394
139703408
997541782
829206507
299595200
537221795
929672125
267668096
378127697
335957138
174597799
776888698
684837064
115168933
26914523
119320548
501860986
970689081
642492411
753961808
742998574
361728742
132801970
546334875
723666880
715725718
544460393
151275222
731058185
537408952
157153925
295328337
993948760
94556124
200224347
648903960
142224310
14403897
412341821
23317707
404006992
669985574
367548847
256340300
818172520
312172775
734499024
873224972
749388119
854108957
681729648
175509857
280494323
773263331
381582867
837318360
951299648
855678287
593552532
678240612
328070636
561118047
154740228
27442781
50034079
791989723
256128943
754756658
28479145
405199789
496795996
519521943
19370000
254386335
593367435
913505700
308867982
927905854
20208841
778720029
537890290
373971666
419702842
690097256
544707519
818201967
5565912
855243566
461747592
106778143
820143772
669011388
178645876
599849880
119376667
444827092
507941958
810389331
820492742
321870091
750197023
680435092
769202236
866294357
459099508
248768604
972961479
742539489
614943056
487354709
451209663
61923950
504335908
887432634
464979478
790338715
686115362
298093093
770432233
563899418
384526772
89646201
370447760
715668632
693999971
427501815
750117121
364838909
493538786
925792975
455654242
993131932
235839096
585740564
111262945
878816987
748677750
940445604
27788324
858823659
830943125
980605549
878837498
885891673
851463141
589027890
209132925
209115843
110231246
910518638
624206577
160894912
412839225
20654199
171462282
606766081
927487385
773907466
751621729
980816156
883294048
434924113
105320345
750379142
16566989
546474750
813423611
525573656
557063367
726032982
909859706
711523766
587131192
660744847
33121946
518868745
921702461
662501562
558704379
105359259
28012671
479016588
576408122
692140657
228761657
562949057
236167638
387057824
318040742
94475940
143072316
522897535
969946274
103246975
689935680
90722864
871398945
529516235
461472630
541928386
825918021
587905606
330957996
765136542
433949000
336986668
896295965
361085787
776539467
115424163
644180511
829327652
773815925
180349305
768795662
149597360
657177840
928081994
728759919
132122202
425978080
535208503
650203181
458556373
763664074
974288961
877448052
528368032
974216754
452126726
329629647
111828163
598986089
599366644
274623284
860273012
824635340
781279993
867264503
97656385
711273700
408239301
990797017
828470582
611296252
297570400
267350406
223640403
689449910
281433153
134794043
4640273
306845821
240622870
956039577
352058939
837008240
172932196
427234889
711780579
981667268
739890964
312540407
150286342
424045931
88085692
330570549
811828490
861563951
19254275
548369689
466859658
271251071
394071010
326008078
38007194
509189253
406500193
846139111
945825938
444150283
713173572
742166186
330409058
763079993
617256425
159712289
457471515
391661241
928304548
191796109
337047371
892798353
613985478
369768979
481006562
480459898
554901913
323894634
592143234
492345749
986289223
620940884
547735573
918018759
423562763
