363675
108878
29070
1702
606517
110005
293252
88880
63
9384
253
273890
422968
346294
1512
448774
102485
176088
97660
173283
2624
504375
200718
35226
16999
104650
611388
86944
100464
65751
320877
287560
150801
484505
36472
116784
526503
276033
20485
70
402705
111888
253895
24344
1288
29049
9394
98307
16992
60795
19304
35604
786093
18778
124600
9296
214767
27195
48813
371732
197230
143
33
1241
16856
90736
86768
8360
127746
7940
371490
669229
81840
150548
487746
149556
267467
348936
54194
87860
227767
278880
182592
210256
219705
30770
20320
19317
538109
161555
4503
25020
34344
507392
14904
187860
85424
7544
1
8190
387038
77710
434340
26384
119833
46842
24932
192818
286636
207844
8555
2596
331890
67308
55242
50799
5494
220311
155588
172885
74661
53730
137851
15811
18666
18414
48332
1320
183582
94024
2408
9088
208684
17388
987
53815
266280
2121
107640
186361
152477
8372
484968
874081
236590
112827
378695
295822
548301
201144
82606
50424
103600
105006
31979
710
16415
12440
832413
137460
206892
138825
66538
78390
60225
5205
732870
45076
340326
98978
18400
376262
135290
490
6220
711920
6072
242814
16058
156078
28224
235764
611656
291578
142788
140715
46138
99456
265174
15026
605274
812702
42
138523
180748
231500
37689
82170
58380
138565
